0.0
0.0
0.0
0.0
1.62503199282e-05
3.72497746389e-05
5.07496172949e-05
0.000104533699801
0.000202088976114
0.000415192391485
0.000870029212
0.00171879387136
0.00332232129493
0.00579122054144
0.00962106398512
0.0145772234996
0.0206951511339
0.0280873292581
0.0358024532785
0.044394966492
0.0529652558885
0.063387329706
0.072507760052
0.0839358217125
0.0944047914743
0.103981948646
0.116015174006
0.12972972973
0.140720536194
0.154126837291
0.16780091417
0.177175283733
0.189991019169
0.205861736616
0.215985768617
0.235198702352
0.239677202421
0.257472686044
0.27139287945
0.302278481013
0.282380396733
