0.0
0.0
0.0
0.0
8.15330163873e-07
4.09150905492e-07
5.84729729945e-06
1.17905340876e-05
3.79967180335e-05
0.000121104269094
0.000331171698456
0.000621613085958
0.00100422047729
0.00177640963591
0.00269514365624
0.00403625767524
0.00584482403787
0.00797540472203
0.0103085216195
0.0130611561426
0.016581253601
0.0202788979707
0.0255879503215
0.0306460247572
0.0360560563341
0.0404354867734
0.0491394601851
0.0573854101543
0.0645900137426
0.0775769745649
0.0793743890518
0.0877789271464
0.102581995813
0.108711839166
0.12462006079
0.141683778234
0.11714770798
0.165048543689
0.168539325843
0.138888888889
0.163636363636
