0.0
0.0
0.0
0.0
0.0
0.0080971659919
0.0133333333333
0.0135331077815
0.0144303252208
0.0167417900837
0.0192645508842
0.0221207107402
0.0262991053608
0.030172343112
0.0346285313976
0.0398405999171
0.0450682620034
0.0518549357017
0.0577478231846
0.0647530258423
0.0721540603736
0.0807064374931
0.0888982333565
0.0987485334376
0.107198713641
0.115696906695
0.126734580599
0.139770595176
0.149570975896
0.162460127299
0.174363951209
0.183094392129
0.194639008621
0.210484137086
0.219313668034
0.238422610522
0.244259754895
0.260515021459
0.271932664293
0.3046875
0.286189181021
