0.0
0.0
0.0
0.0
0.0
0.0
2.4313153416e-06
0.0
5.42225837061e-06
3.954120041e-05
8.75517102289e-05
0.000159116584722
0.000225960915408
0.000434578174202
0.000708698113862
0.00104155773534
0.00149736353782
0.00222586631437
0.00313359603706
0.00409830371904
0.00579547265392
0.00744499785943
0.00858204005836
0.0123642732049
0.0143467933492
0.0173995056589
0.0201668001696
0.0261656228253
0.0290268102174
0.0310609776034
0.0422496570645
0.0396130815292
0.0522928399035
0.0482115085537
0.0300751879699
0.0701754385965
0.09375
0.0967741935484
0.0588235294118
0.0
0.125
