0.0
0.0
0.0
0.0
0.0
0.0
0.0
0.0
0.00260078023407
0.00113817436831
0.0017965726921
0.00283035556342
0.00294504668212
0.00420303912059
0.00596130636726
0.00635410240592
0.00775740479549
0.00996867697509
0.011835159893
0.0156568138735
0.0180204676917
0.0224037400851
0.0242828824627
0.0300928253075
0.0336758449065
0.0399272262379
0.0475410868333
0.052514610256
0.0591829806495
0.0664556962025
0.0718157181572
0.0877318116976
0.0891089108911
0.101276595745
0.112162162162
0.127139364303
0.137931034483
0.152
0.194029850746
0.189189189189
0.125
