0.0
0.0
0.0
0.0
0.0
0.0
0.00337268128162
0.00691823899371
0.00845785170567
0.00915986832689
0.00997324252007
0.0124491742382
0.0131273619307
0.0177948524559
0.0218012545157
0.0259524418307
0.0286390193197
0.0338120727119
0.0393759939121
0.043301759134
0.0506927705301
0.057627246426
0.0647924819103
0.073093625912
0.0806179602388
0.0900280577187
0.0985057824174
0.106586224233
0.118714061683
0.128711853958
0.13640482015
0.150488400488
0.163480841407
0.175339366516
0.191930012498
0.210131332083
0.202846975089
0.229138166895
0.245753114383
0.260397830018
0.265605875153
