0.0
0.0
0.0
1.2075559189e-06
1.80945148891e-06
5.16216955662e-06
7.81086765071e-06
2.29448924066e-05
5.88874203384e-05
0.000184801180007
0.00045789281366
0.00101439336807
0.00180517124521
0.00277466972399
0.00450212592751
0.00689848687019
0.00902023792135
0.012244263702
0.0159065528928
0.0204229470138
0.0249977662838
0.0310357354985
0.0363241441491
0.0435083955609
0.0512890895043
0.0586115936434
0.0674269209701
0.0788506149604
0.0857947805457
0.0967954255625
0.105842800835
0.118595181541
0.126520983362
0.135258358663
0.16252683226
0.163216177179
0.184012066365
0.188442211055
0.237687366167
0.243445692884
0.186119873817
