0.0
0.0
0.0
0.0
0.0
0.0
0.0
0.0
0.0
0.00145032632342
0.000682593856655
0.00104524413917
0.000823723228995
0.00146044624746
0.00205602672835
0.00279543959658
0.00344794559908
0.00406063887385
0.00549307958478
0.00703729767769
0.00876252621766
0.0103191382261
0.0117063606482
0.0175769412082
0.0195368421053
0.0209302325581
0.0238296672307
0.0291079812207
0.0369032258065
0.0373312152502
0.05256869773
0.0463054187192
0.0548885077187
0.0492753623188
0.0238095238095
0.101851851852
0.111111111111
0.0909090909091
0.0833333333333
0.0
0.142857142857
