0.0
0.0
0.0
2.29217954184e-06
2.86007920513e-06
5.54035719298e-06
2.25447795684e-05
4.79074154976e-05
9.90489930474e-05
0.000245611121551
0.000581405271332
0.00123930986656
0.00215452654501
0.00401667094339
0.00649098422415
0.00977358084532
0.013040884405
0.0174577195854
0.0229227405248
0.0276837974702
0.0348846733504
0.042169738542
0.0498951736659
0.0585808738675
0.0672013443324
0.0768577093759
0.0864086833412
0.0957177696654
0.10793414055
0.117826780021
0.12654870472
0.1414427157
0.154403608667
0.168032339124
0.185723310171
0.201974000963
0.197501007658
0.222153080274
0.236096537251
0.255102040816
0.253714285714
