0.0
0.0
0.0
0.0
3.42067689723e-07
8.72592354084e-07
5.49667622859e-06
9.09989523746e-06
3.30272231232e-05
8.97843793597e-05
0.000198070684468
0.000345918023194
0.000600126727268
0.00109092082755
0.00174696707106
0.0023848841977
0.00355937782899
0.00507565731127
0.00645743219696
0.00901530174327
0.0115393540493
0.0147955333599
0.0167644858434
0.0224467489536
0.0262754123514
0.0307606653212
0.0369713851608
0.0413215700396
0.0504707112971
0.0595724003887
0.062213684055
0.0757142857143
0.0856816450876
0.0897517504774
0.103412616339
0.116831683168
0.12962962963
0.134615384615
0.207317073171
0.170731707317
0.126984126984
