0.0
0.0
0.0
0.0
0.0
0.0
0.0
0.0
0.0011655011655
0.00208333333333
0.00352583586626
0.0041069352964
0.00547974642742
0.0060510805501
0.0087137310056
0.0100238065405
0.012864045971
0.0159103486442
0.0188383631141
0.0221262421991
0.0259525331929
0.0297809696222
0.0366838018156
0.0401183167209
0.0464297150176
0.0508717375354
0.0589896181747
0.0675978907214
0.0743513336725
0.0883015775456
0.0894974590627
0.101490708597
0.112742036227
0.117561683599
0.132824427481
0.144981412639
0.124748490946
0.177358490566
0.197278911565
0.13829787234
0.177083333333
