0.0
0.0
0.0
0.0
0.0
0.0
0.0
0.00293901542983
0.00455580865604
0.00553059108192
0.00561355130983
0.00879550451991
0.0105822301531
0.0112164107486
0.0142542077771
0.0178166993809
0.0204372008796
0.0240020796026
0.0276895872684
0.0334047387212
0.0383509607254
0.0439293568451
0.0493213730836
0.0563016111569
0.0643435110263
0.0708757815574
0.0807542747563
0.0900215839283
0.0963039634278
0.107747562853
0.114420913816
0.128405096661
0.136820925553
0.144715447154
0.175724637681
0.167415730337
0.193576388889
0.19340974212
0.244131455399
0.247933884298
0.201413427562
