-0.614014
2.26379
0.0289983
-0.0713327
1.14411
1.40543
2.68131
1.96893
0.359117
-2.7115
-2.49083
-2.38752
-1.56209
-2.45407
0.0233931
0.234575
3.10172
1.01264
1.50906
0.127467
0.148698
1.54041
0.601643
0.006631
-1.10069
-0.341238
-1.83674
-1.72324
-2.20851
-1.21416
-1.56981
0.048709
0.639695
-2.64487
-2.71614
-1.82927
0.842781
-2.2064
-1.02523
-1.39568
0.722536
-1.08383
-1.37266
-1.59518
-1.71543
-2.01888
-0.545664
-0.525013
-1.04833
0.369939
-2.05644
-0.232049
-2.07587
-1.67407
-1.31897
0.132194
-0.409913
-1.38798
-1.99869
-1.94202
-1.63137
-1.49547
-1.39883
0.255541
2.64789
0.841041
-0.0807739
2.87813
0.174942
1.6218
-0.0789747
1.1433
-0.527665
-1.0632
-0.59702
-1.82297
-2.1705
-1.30846
-0.150816
-1.95474
0.26281
0.979944
0.568456
0.212332
-0.423882
0.810087
0.89686
0.611973
-1.65523
-0.816538
-1.30777
-0.962336
-2.01719
-0.434915
-1.21559
-0.0695377
-0.53086
-1.47344
-1.71132
-1.91921
-3.10643
-1.82597
0.325112
-1.40172
-0.511628
-0.724101
-0.935881
-2.07069
-1.08442
-1.87211
-0.558091
-0.551497
-0.873309
-0.516343
-1.86672
-1.36493
-2.0274
-1.40118
-1.0546
-1.07858
-1.84
-0.254247
-1.49242
-1.22419
-1.84084
0.121834
-1.07476
-0.394189
0.0231268
-2.24257
-1.40116
-1.73032
-1.2436
-1.53645
-0.841625
-1.60433
-0.587563
-0.808779
-1.70898
-1.46711
-2.13464
-2.08399
-0.170137
-1.35216
-1.476
-2.10424
-1.7779
-0.551759
-2.07776
-2.32726
-1.79934
0.431901
-0.87391
-0.524456
-2.18492
-1.07385
-1.72224
-1.82355
-1.01554
1.31218
2.05494
-1.51507
-0.80336
-1.67737
-0.495248
-1.12677
-0.940866
-1.40705
1.27968
-2.35404
-1.7411
-2.00415
0.6875
-2.27578
-0.434765
-1.04947
0.473455
-0.720114
-2.38991
0.0474208
-1.52007
-0.700202
-1.30996
0.37151
0.0517096
-0.54778
-2.31651
-0.411611
-0.655649
-1.11469
-2.11779
2.01986
-1.3715
-0.43065
0.874622
-1.99943
-1.96269
-2.28117
-0.701641
-1.12058
-0.189771
-1.35067
-1.54105
-2.50953
-1.4904
-3.30123
-0.236822
-2.04654
-1.50055
0.614405
-0.951428
-1.93588
-2.045
-0.919355
-0.507673
-1.16141
-1.45158
1.01704
-1.80145
-1.46325
-2.36941
-0.261664
0.469567
-0.597675
-0.0242299
-0.955428
-1.1491
-2.43319
-0.626169
-1.29891
0.786735
-1.9439
0.746323
-0.804353
-0.907923
-1.89646
-2.39207
-1.44223
2.02748
-1.63832
-1.56084
3.59466
-1.92967
-1.26793
-1.36809
-0.156648
-0.41661
-0.844152
-1.23929
2.73119
-2.0498
-0.952001
-1.36928
-0.0271145
-2.47652
-0.510607
