1.38712
-0.438475
-2.67494
-1.78329
1.17625
0.391437
2.98486
2.39033
1.08927
-1.12503
-0.926853
-1.89124
-1.13208
-1.86319
0.823489
0.563688
1.07491
2.7854
0.743182
0.941103
1.3425
0.225887
0.0656003
1.2942
-0.846799
-0.491902
-1.6499
-1.80436
-1.83015
-3.38509
-1.357
1.17902
-0.135869
-1.85827
-1.31367
-1.46951
-1.90366
-1.84705
-0.640329
-0.608173
-1.37723
-1.5873
-0.792781
-1.9245
-0.869926
-1.94664
-1.24591
-0.77561
0.0284135
-0.249441
-2.10996
1.82197
-1.95081
-0.735879
-1.88306
0.328469
-0.615431
-1.1431
-1.65558
-0.435646
-2.30417
-1.89995
-2.48186
2.01077
1.8795
2.08968
2.6885
0.683756
1.21862
-0.305731
1.10168
0.43122
0.937908
-1.67691
-1.21029
-1.75857
-1.48095
-2.03932
2.36077
-0.0781491
1.32509
0.929766
0.732694
0.0622168
0.813571
0.721116
0.328269
0.972871
-0.774051
-0.925159
-1.84961
-1.38495
-2.47573
-1.1072
-1.23049
0.244042
-2.0074
-1.1405
-1.37932
-1.41024
-1.90498
-2.28403
-0.890001
-1.95577
-0.718036
-0.607811
-1.2068
-2.00221
-1.18031
-1.74922
0.407349
-1.39912
-0.371648
0.670394
-1.84769
-1.39251
-2.2811
-0.886483
-1.1166
-1.61001
-1.75174
1.60521
-0.478513
-1.40187
-1.87309
-1.78127
0.220458
-1.40945
-0.588062
-2.08168
-1.89839
-1.91072
-1.69144
-2.40728
-1.38388
-0.536896
0.526247
-0.265697
-2.34548
-1.02402
-0.76305
-1.3224
-1.25992
-0.867073
-0.318847
-2.62233
-1.80858
-0.797277
-0.292905
-1.21786
-1.91763
1.21068
-0.312577
-1.16601
-1.83993
-0.865017
-1.79143
-2.23183
-1.26817
0.787668
1.12455
-0.545957
-1.38747
-1.07094
-0.508791
-2.09134
-1.4246
-0.931857
1.82384
-2.18482
-2.16051
-2.70043
-0.627002
-2.30392
-0.691829
-1.26535
-1.13813
0.774055
-1.84895
-0.280818
-1.80386
-1.6654
-1.70845
1.15394
-1.39303
-0.511382
-2.35136
-0.618658
-1.72374
-0.690905
-2.15782
1.41175
-1.25774
0.704303
0.214933
-3.15493
-0.998417
-1.73062
0.568901
-1.56669
-1.22715
-1.14809
-1.65122
-2.29759
-1.48384
-2.20531
0.21478
-1.42157
-1.81807
-0.0762786
-1.02111
-1.56723
-1.80026
-0.338483
-0.771489
-1.36724
-1.39133
0.469501
-1.59264
-2.06784
-2.40294
-0.671591
-0.952147
-0.513048
-0.68677
-0.153314
-1.88703
-2.02973
-1.72543
-1.53766
0.97596
-1.70858
0.41924
-0.708455
-0.0812499
-1.71801
-1.88811
-1.31783
2.29445
-1.73421
-1.99829
0.0168458
-1.68349
-2.74024
-2.19084
-1.41178
-0.366889
-0.0328809
-1.65789
2.76108
-1.92874
-1.99527
-1.41766
-1.95477
-1.27435
-0.174511
