2.64227
-1.81664
-0.982002
0.621154
1.03276
1.12719
2.83236
3.00847
-0.756547
-2.47863
-1.41387
-1.5701
-1.47741
-2.91776
-0.061947
-1.00373
0.831968
2.61121
0.176816
1.84739
1.589
-0.184261
0.911221
1.57587
0.613614
0.806549
-2.02753
-0.752834
-1.26653
-1.7384
-1.14899
0.238102
-0.796065
-1.15514
-0.888744
-0.659478
-1.05601
-2.15893
-1.74487
-0.735716
1.5476
-1.59649
-0.847635
-1.28437
-0.310869
-1.90916
0.812126
-0.559178
-0.880425
0.256202
-2.69047
-1.07269
-1.12748
-1.86959
-1.87736
-0.800254
-1.03789
-1.47846
-1.66414
-1.33175
-1.73864
-2.56352
-2.09806
-0.215409
0.457146
2.93342
2.92679
0.700258
1.61966
0.327247
0.853403
-0.235884
-1.72416
-2.21064
-2.11369
-1.86827
-1.4099
-1.47088
0.653659
-1.45265
1.6971
1.64779
0.752669
0.0973085
0.689538
-0.0227028
0.591787
0.392627
-1.61654
-1.65163
-2.02903
-2.19557
-2.33229
-0.913015
-1.10634
-0.166339
-1.85814
-1.55483
-1.59779
-1.90973
-1.83641
-2.43547
-0.802338
-2.64589
-0.514827
0.404582
-1.58134
-1.96829
-1.33588
-1.80419
0.633033
-1.36346
-1.43286
-1.14327
-1.35044
-0.909657
-1.81522
-0.516038
-1.17574
-0.390957
-1.28187
1.483
-2.54761
-1.1937
-1.81223
0.0710826
-0.382955
-0.624527
2.22734
-2.082
-1.59061
-1.9375
-1.05501
-2.14501
-0.312301
0.0434308
0.390962
-2.30805
-2.88983
-0.859351
-0.266787
-2.17116
-0.140727
-1.40011
-1.43377
-1.61566
-1.80194
-2.20178
-1.86491
-1.82449
-1.66846
0.720612
-1.03045
-0.716926
-2.07134
-0.783201
-1.68832
-2.35801
-1.18014
1.47697
-0.595621
-1.99188
-1.23763
-1.54989
-0.71623
-2.01009
-1.15601
-2.68056
1.82925
-2.23501
-1.65469
-1.85838
-1.39666
-2.61341
-0.81675
-0.887174
-0.462798
-0.222369
-1.85799
-0.775879
-1.20502
-0.918149
-1.4607
-2.38912
-0.446369
0.0356577
-2.29085
-1.03146
-1.95601
-1.77687
-2.60994
1.8345
-1.18653
1.30034
1.6368
-2.09849
-0.245777
-1.12567
0.132719
-0.834117
-1.20499
-1.60397
-3.23421
-1.82519
-2.45381
-2.28975
1.87659
-2.80028
-2.72093
1.41759
-1.13346
-1.60982
-2.372
-0.498397
-0.421533
-0.652481
-1.41422
1.56766
-1.2033
-1.40419
-2.02689
-1.00214
-0.799817
-0.847238
-1.32558
-0.854327
-1.48089
-2.26479
-1.05348
-0.771932
1.81762
-1.49164
0.191243
-0.977393
-0.430599
-1.52577
-1.33033
-1.67574
2.81541
-1.59637
-1.61024
1.36875
-1.47949
-1.75423
-1.51746
-0.822755
-0.712229
-2.03624
-1.01842
3.07603
-2.09522
-1.54026
-2.05268
-0.235051
-0.762996
-0.0853805
