-1.84146
0.100726
-1.36017
-0.327573
1.02786
0.601319
2.97961
2.46916
1.38035
-1.86064
-1.76236
-1.33401
-0.431824
-2.18957
0.700656
-0.445114
2.70224
1.00259
2.90543
0.356977
0.354942
1.55369
0.704831
0.216612
0.814124
-1.37772
-1.84735
-1.45549
-1.86157
-2.06713
0.190142
0.329483
-0.296588
-1.69862
-1.8543
-2.41937
-1.10803
-1.65237
-0.515798
-0.444316
-0.265627
-1.31071
-1.34085
-1.7144
-1.0052
-2.14612
-1.35433
-0.926265
-1.52836
0.909208
-3.36166
-0.694832
-1.93363
-1.29837
-1.38356
-0.049246
-0.606251
-1.14442
-1.69325
-0.62259
-1.98273
-2.22659
-2.12496
2.76732
3.16178
1.06945
0.278223
2.20815
1.09411
1.30117
0.0666336
1.33252
-0.736732
-1.11156
-2.0128
-1.60576
-1.82565
-1.22087
2.8096
0.341548
1.8677
1.4603
0.185217
0.279159
0.394549
0.982235
-0.221216
-0.386192
-0.591566
-0.547692
-1.35837
-1.67646
-1.88917
-1.03327
-0.233764
-0.410367
0.550686
-1.14356
-2.14409
-1.86292
-0.946872
-1.2976
1.18988
-2.21304
0.382592
-0.867623
-0.134826
-1.94291
-1.62824
-1.14322
0.84134
-1.22188
-1.77856
-0.0803052
-1.64344
0.0597737
-1.94655
0.181852
-0.431408
-0.930263
-1.17316
0.531455
-1.96507
-1.01848
-2.59393
-0.876515
-0.0894462
0.376145
0.973557
-0.448115
-2.18646
-1.64005
-2.13341
-1.78309
-0.43365
-1.56656
0.902088
-1.39717
-1.04142
-1.66818
-0.196052
-1.69597
-0.80121
-1.27695
-1.85714
-1.40992
-1.62053
-0.242477
-1.54415
-1.82032
-1.85334
1.6393
0.308517
-0.383755
-2.23647
-0.725193
-1.00513
-2.53332
-1.04655
1.32132
0.351906
-1.53713
-1.88729
-1.02645
-1.09266
-2.21909
-1.98828
-0.316107
1.32294
-1.96574
-1.99783
-2.33746
-0.121876
-2.40644
-1.2191
-0.81231
0.920658
0.329754
-2.19259
0.416651
-1.96619
-0.987024
-2.35478
0.539215
-0.430623
-1.13019
-2.20798
-0.0736498
-1.7299
-1.92899
-1.58553
3.20778
-0.620104
2.58644
0.54123
-2.86777
-2.20318
-0.916058
-0.217225
-2.05763
-0.824499
-1.65199
-1.20002
-2.45995
-0.0107533
-1.57426
0.108881
-3.06195
-1.8878
0.120667
-1.31347
-2.94794
-2.52772
-0.23096
-1.49647
-0.0668297
-1.64213
1.05142
-1.46345
-2.33036
-2.23097
-0.911664
-0.7077
-1.21611
-1.13176
-1.67558
-1.0883
-2.17734
-1.82161
-1.33577
0.619153
-1.15755
-0.0591656
-1.41189
-0.107831
-1.99287
-0.359286
-2.42045
1.41563
-1.9521
-2.09543
1.61542
-1.82268
-2.16838
-2.05692
-0.0893193
-0.641655
-0.208974
-1.46127
1.97787
-1.56777
-2.03521
-1.73985
-1.38115
-1.51183
-0.692762
