-1.53035
0.144393
-1.14257
-0.669396
0.42363
0.756631
2.29633
2.39314
-0.0854948
-0.651926
-1.55323
-2.36308
-0.815533
-1.91926
0.701057
0.344916
2.60971
1.03504
2.75562
0.399827
0.429328
1.27826
0.195196
0.674263
-1.22184
-1.62639
-1.11829
-1.7084
-2.12253
-0.656558
-1.14421
0.118639
2.06841
-2.24664
-2.26402
-1.89218
0.786095
-1.60652
0.822785
-1.2827
-0.0776696
-1.74819
-2.12575
-1.7773
-1.07584
-2.42644
-2.29776
0.584739
-1.15805
-0.147264
-2.89421
0.173008
-1.61354
-1.85562
-1.11394
1.00641
0.802102
-1.08693
-2.20434
-1.04666
-0.760377
-1.48428
-2.39205
1.63381
3.05905
1.99862
-0.0960722
2.84135
0.532625
1.22646
0.564929
1.93088
-2.64409
-1.78847
-2.6843
-2.1219
-1.80028
-1.49321
0.224945
-1.36968
0.704963
1.20817
-0.0538213
0.457868
0.052492
0.949999
0.729629
0.0104506
-1.3861
-0.935344
-2.15312
-2.39155
-1.89326
-2.66307
-1.16472
-0.881621
-0.842518
-1.25438
-1.54391
-2.24925
-0.909325
-2.16956
-1.85512
-2.13041
-0.294284
-0.0399225
-0.398735
-2.20343
-1.05135
-1.05996
1.798
-1.56009
-0.07162
-0.979319
-1.29673
-1.22772
-2.50307
-1.49749
-0.933183
-2.85582
-1.44751
0.690033
-2.38136
-2.60549
-2.03476
-0.0749691
-0.387522
-0.233032
0.81759
-0.561884
-1.22411
-1.86677
-1.78988
-1.37167
-1.85244
-0.225445
-0.515199
-1.73379
-1.9222
-0.749021
-1.79012
-2.66779
-1.57852
-1.31339
-1.20041
-1.55226
-1.50624
0.172716
-1.91236
-2.31128
-2.46572
1.26596
-1.81596
-1.06509
-2.27741
-0.253361
-2.06187
-0.87176
-1.20554
-0.508053
0.113333
-2.42904
-0.86322
-0.390218
0.200229
-1.44118
-0.829447
-1.46171
1.21179
-1.59042
-1.78159
-1.94514
-1.46086
-2.56303
-0.938621
-0.158979
-1.34762
-0.79078
-2.05353
-0.860802
-1.63427
-1.3594
-1.77649
-1.5985
-1.12712
-0.666405
-2.41653
-0.897089
-2.16323
-2.08165
-1.4588
2.48014
-1.86494
1.73919
1.8877
-2.59462
-2.00205
-0.254251
1.06091
-2.02412
-0.447336
-1.02337
-0.266062
-2.53966
-1.45979
-2.46448
0.00409788
-1.75048
-1.40006
-0.306838
-0.765755
-0.892556
-2.2006
-0.496847
-0.252706
-2.23196
-1.71592
1.71004
-1.30515
-2.17629
-2.56659
-0.148971
0.340122
-0.145984
0.762901
-0.885853
-1.29826
-1.998
-0.988843
-1.10133
0.352313
-1.01945
-1.19849
0.0212285
-0.326235
-1.8738
-2.66491
-2.8323
1.64318
-1.79841
-1.58561
2.78729
-1.92301
-2.01963
-2.14581
-0.0498788
-1.83649
-1.25165
-2.28275
1.65428
-1.57459
-2.613
-2.00587
-2.22824
-1.6519
0.279842
