0.369118
-0.430825
-0.951368
-2.01885
1.46641
1.05269
3.2483
2.6128
1.11654
-2.77701
-1.76378
-2.04201
0.250286
-2.01517
0.568261
-0.344368
0.821968
2.72305
0.577651
2.75208
1.68355
0.604351
-0.332116
0.73158
-1.73001
-1.23236
-2.15681
-1.93869
-1.90573
-2.51571
0.0650552
1.24005
0.178038
-1.81621
-0.614218
-0.550312
-1.3209
-1.89574
-1.01525
-0.872578
-0.392413
-1.60066
-1.29983
-1.9451
-1.54228
-2.28904
-1.56346
-0.924287
-0.396682
0.229896
-2.43708
3.44221
-1.39504
-1.1625
-2.23266
0.915911
-1.3528
0.0444273
-1.43368
-1.61504
-2.00384
-2.13407
-1.5201
0.828968
0.77138
2.68749
2.03537
0.712013
1.72611
0.402293
1.83886
0.384387
-0.64346
-0.853153
-1.17906
-1.92519
-1.76234
-2.31259
0.0030765
-0.252235
1.57192
1.70565
0.333406
-0.209774
0.85302
0.885027
0.0280721
-0.568978
-1.35058
-1.36794
-1.62258
-2.02151
-1.75624
-1.76735
-1.59234
-2.04182
-0.978414
-0.695177
-1.20751
-2.05692
-2.40509
-1.27346
0.613821
-2.1505
-0.838449
-1.04671
-0.760947
-2.87529
-1.09517
-1.37734
2.11928
-1.60436
-1.83775
-1.99927
-1.25359
-1.2281
-2.24161
-1.42455
-1.56926
-0.208318
-0.76897
0.213444
-1.86494
-1.60094
-1.91209
-3.17499
0.151988
-0.529445
2.01533
-1.64321
-2.26503
-1.9942
-0.828618
-1.91647
-2.75469
-0.949433
0.104635
-1.91676
-2.52123
-1.82667
-1.27363
-2.87235
-2.00622
-1.8046
-1.08861
0.270815
-2.0188
-1.24995
-0.953458
-1.7643
-1.30785
-0.249492
-0.442445
-1.2557
-1.55175
0.544311
-2.20965
-0.921338
-1.25186
1.0851
-1.30126
-2.21223
-1.5439
-1.41724
-0.720346
-2.30653
-0.556912
-1.88875
1.51539
-1.26507
-2.43364
-2.97916
-1.16597
-2.0383
-1.12555
-0.8557
-1.1699
-1.2056
-2.17752
0.795736
-1.54124
-0.384402
-2.42074
1.75543
-0.211614
-0.675231
-2.27271
-1.54572
-1.9971
-1.97009
-2.11483
2.00034
-1.23452
0.502793
-0.106886
-1.60711
-1.89819
-0.795846
0.45417
-1.55297
-1.68386
-1.51335
-1.15111
-2.24925
-1.30889
-1.46533
2.30106
-2.45468
-1.52429
0.51071
-0.236589
-2.05086
-1.60944
-0.970936
-0.758894
-0.628118
-1.67248
0.673251
-1.58183
-1.71587
-2.63554
-0.111794
-0.821276
-0.735727
0.502639
-0.766876
-0.281101
-1.9115
-0.652697
-1.12409
0.20499
-1.93086
-0.926878
-0.470478
-0.99052
-2.84892
-1.7231
-1.22235
1.90475
-1.91204
-1.22209
1.82215
-2.32095
-1.55391
-2.0735
0.23051
-1.12815
-0.200552
-1.07505
1.93137
-0.532925
-2.02311
-1.6449
-1.20861
-0.316825
-0.389706
