-1.19934
-0.498703
-0.848737
-1.81688
0.0536274
0.974214
0.937404
1.94673
-0.0916643
-2.50181
-1.60747
-1.32026
-0.650518
-3.16236
0.206266
0.344378
2.38515
0.745981
3.29059
0.673891
-0.270193
1.58514
0.831604
0.285616
-0.772444
0.573029
-1.90488
-0.0628971
-2.11546
-0.945706
-1.1526
1.31521
0.400015
-1.6397
-0.869904
-2.19841
-0.944583
-1.65529
-1.01305
0.0327167
1.88184
-1.44505
-1.60246
-2.03613
0.758328
-1.90913
-1.04962
0.157599
-1.36859
-0.0347945
-3.05933
-0.90064
-2.05852
-1.82949
-2.10474
0.844167
-1.41351
0.796219
-2.18029
-0.848211
-1.75539
-3.15649
-1.6501
-0.181855
3.0466
1.15465
0.843892
2.83299
0.286631
1.26041
-0.0179663
1.74907
-2.22897
-0.149559
-1.06695
-2.00662
-1.97009
-1.83095
1.72736
-1.76019
1.15978
1.35924
0.205875
0.0879173
0.836835
0.875376
-0.325485
0.339206
-1.42621
-0.199559
-2.2674
-2.313
-2.13826
-0.191285
-0.249064
0.117641
0.989465
-1.05881
-1.25977
-1.36328
-0.488156
-1.69677
-1.77973
-2.03239
-0.219628
-0.830491
-1.41468
-1.81725
-1.41302
-2.56498
-0.147441
-1.18097
-0.880866
-0.316482
-1.71798
-1.98848
-1.76709
-0.506217
-1.62283
-2.00462
-1.64767
0.37221
-1.07982
-1.11662
-2.23316
-0.446361
-0.348713
-0.304883
0.180233
-1.50188
-0.523336
-0.284793
-0.788146
-1.96964
-1.13784
-1.77765
-0.677013
-1.57976
-2.23938
-1.56108
0.270112
-1.96566
-0.815655
-0.656315
-1.16256
-1.38031
-1.86259
0.233917
-1.82095
-2.23667
-2.39214
-0.646372
-0.679142
-1.29921
-2.64049
-1.6224
-1.45259
-1.57126
-1.70172
0.707388
0.970989
-2.32066
-1.0714
-1.97181
-1.10794
-2.31866
-0.598362
-0.45856
1.71532
-1.53618
-1.73633
-2.48131
0.0838089
-2.28835
-0.0157002
-0.0321973
-0.200576
-1.39627
-2.21707
-0.25766
-1.22675
-1.36657
-1.78429
0.657039
-1.34519
-0.484946
-2.24549
-0.782503
-2.7479
-1.31747
-1.34007
2.96428
-1.71253
-0.600795
2.2418
-2.64919
-1.93149
-1.09845
0.455257
-1.77621
-0.512523
-1.0768
-0.913789
-2.24371
-0.947682
-2.74426
-0.492213
-2.44388
-0.190977
1.56229
0.131625
-1.1577
-1.75692
-0.119279
0.147627
0.409219
-1.01379
0.873234
-0.941576
-1.12526
-1.81002
-1.22603
-0.93488
-1.13014
0.821214
-0.182439
-1.52871
-2.24233
-1.52134
-1.37376
2.56015
-1.65751
-0.672971
-0.423012
0.257954
-2.42263
-1.21791
-1.54537
2.2321
-2.30427
-1.24992
1.03475
-1.78354
-3.28595
-1.99855
-1.23575
-0.417119
0.0631228
-2.15456
0.868377
-1.69428
-1.97028
-2.09184
-0.957353
-1.77899
-0.94186
