0.825258
-0.91131
-0.0890137
-0.248673
1.50385
0.243217
2.70229
2.49239
-0.942992
-2.31826
-1.7272
-1.66909
-0.620801
-2.3283
-0.31276
-0.250816
0.955739
2.16194
1.10221
2.52559
1.43437
0.289307
0.156677
-0.0586444
-1.42789
-1.04518
-1.75232
-1.12405
-1.64176
-0.941684
-1.56014
1.14742
0.148462
-1.68539
-2.76882
-1.83522
-1.18377
-1.40166
-1.301
-1.04751
0.0739545
-1.5358
-1.07684
-1.10207
-0.537919
-2.30937
-1.37269
-0.499417
-0.700419
-0.371154
-2.90819
-0.616517
-1.54038
-1.15475
-1.41419
0.710878
-1.19743
-1.39921
-1.31622
-0.548015
-1.4159
-1.9465
-2.44756
-0.159711
1.16834
2.0524
1.93335
0.509465
1.3552
0.202014
1.40963
0.742454
-1.23697
-0.638097
-2.29423
-1.94115
-2.12018
-1.78334
0.641697
-1.59599
1.48768
1.92559
-0.00828594
0.203675
0.879352
0.586121
-0.292654
-1.08234
-1.22232
-0.247778
-1.68411
-3.10878
-1.74025
-0.315829
0.195751
-1.6109
-0.358693
-1.24348
-1.7519
-1.72734
-1.69623
-2.11731
1.66951
-1.03661
0.0162133
-1.93094
0.469586
-2.06813
-1.4757
-2.24832
-0.138859
-2.14299
-1.89563
0.308974
-1.82326
-1.74611
-2.68477
0.0185855
-0.28113
-0.334526
-1.44623
0.331652
-1.59673
-0.763013
-2.31171
-0.862486
-0.789527
-0.625036
-0.636666
-2.1893
-0.666575
-2.04263
-1.93339
-2.29331
-0.429006
-1.11084
2.5536
-1.60346
-2.11426
-1.21836
0.124681
-1.71327
0.680802
-0.862148
-1.30449
-1.2803
-2.79816
-1.1931
-1.36503
-1.68926
-1.61338
-0.876902
-0.0130049
-1.03366
-1.97377
-0.273865
-1.32304
-0.91102
-0.843132
-0.117264
1.38231
-2.38326
-1.65205
-1.91337
-0.466798
-2.56561
-1.57968
-1.30308
2.10341
-2.15119
-2.09662
-1.76939
-1.1827
-1.60763
-0.75493
0.162223
-0.59771
-1.71333
-2.15176
1.05606
-1.2567
-1.21925
-1.71435
-0.194841
-0.0289734
-1.07061
-1.99272
-0.77927
-2.17982
-2.19544
-1.77159
2.44328
-1.64488
1.69652
-0.77307
-1.53644
-1.52162
-1.58611
0.624652
-1.75006
-1.35734
-1.71657
-0.916416
-2.14272
-1.8764
-2.98762
0.75037
-2.57889
-2.15867
0.548568
-1.96064
-1.04956
-2.64431
-0.473261
-1.10658
-0.973141
-1.77247
2.27653
-0.848498
-2.38531
-1.94897
-0.417762
-0.890685
-0.335193
0.43496
-1.30383
-0.678964
-2.20874
-2.24564
-1.19204
-0.697429
-2.34378
-0.556822
0.192687
-0.400429
-2.32601
-1.74421
-1.4122
2.42527
-0.69765
-1.83726
-0.670376
-2.79055
-1.89917
-2.0856
-0.856608
-0.735992
-1.80372
-1.89465
3.2047
-1.49287
-2.19338
-1.9686
-1.42095
-0.950042
-0.367329
