1.46599
-2.58886
-1.57482
-0.491988
0.982824
0.247422
2.51332
2.71293
0.506494
-3.31464
-1.26512
-2.40321
-0.974498
-2.83394
2.93284
0.0311908
0.416121
2.9755
0.796274
1.9998
1.5191
-0.0658566
1.39628
1.43669
-0.0105192
-1.61444
-1.50692
-1.33408
-1.40536
-1.43886
-1.04145
-0.58697
-0.724068
-0.729003
-3.11692
-1.89301
-1.01562
-1.36863
-0.755987
-0.307402
-0.143248
-0.848951
-1.45928
-1.68496
-0.373962
-1.80546
-2.00262
-0.783961
-1.60353
-0.777991
-2.91709
1.52342
-1.8844
-1.05964
-1.79983
-0.0327967
-0.674059
-1.23059
-2.04897
-0.933508
-0.258535
-1.52014
-1.79063
-0.532137
0.312677
2.80563
2.14579
0.471681
1.38078
0.845201
0.792091
-0.0605501
-1.14278
-0.019699
-0.577202
-2.3565
-1.89915
-2.97336
-0.34796
-0.171353
1.45914
1.29311
0.0634057
0.274211
1.00241
0.13127
0.373613
0.0646606
-1.64521
1.9505
-2.1708
-1.61681
-1.95007
0.265647
-0.098194
-0.426678
-0.00301278
-0.819542
-0.353546
-1.85927
-0.89009
-2.50504
-1.84311
-1.67101
-0.965288
-1.09136
-0.970344
-1.59841
-1.62264
-1.25796
0.919769
-1.06961
-2.21723
-0.187787
-1.32593
-1.24761
-2.47259
-0.573092
-1.16964
0.00736197
-0.829538
1.37907
-2.01554
-1.31287
-1.64438
-0.659408
-1.28205
-0.938965
-0.625813
-2.3279
-2.13025
-1.44321
-0.407064
-1.1831
-0.291745
-1.60063
-0.333085
-0.890158
-1.95245
-1.80449
-0.850601
-2.01397
-1.52348
-1.48379
-1.45449
-1.59031
-1.40279
-0.4911
-1.1476
-1.82181
-1.64499
-0.272158
-0.938858
-1.68908
-2.78757
-2.54009
-1.83473
-1.7837
-1.29833
0.526488
2.41561
-1.90191
-1.49839
-1.83542
-0.248156
-2.59636
-0.484829
0.179897
0.897771
-2.29156
-1.78242
-1.96054
-0.890372
-1.99337
0.342286
-0.297022
-0.246152
-1.00607
-2.14805
-1.90207
-1.2942
-0.866738
-1.36433
1.62379
-0.0340019
-0.62178
-1.74874
0.13399
-1.91106
-1.71768
-1.78717
1.06473
-1.34801
0.582173
-1.34431
-2.20296
-1.31233
-1.39717
-0.567265
-1.24375
0.296464
-0.616902
-1.66899
-1.9596
-1.41312
-2.59279
0.16034
-1.70851
-2.32279
2.23925
-1.05061
-1.71305
-2.02651
-0.110576
-0.766194
-1.77944
-0.92181
0.599763
-1.76494
-1.58
-2.1849
0.011508
-1.37124
-0.443885
-1.08385
-1.06301
-1.64334
-2.30938
-1.32449
-1.23355
1.42361
-2.32426
0.413486
-0.429105
-0.809646
-1.98559
-1.58324
-2.80548
2.27353
-1.40497
-1.83342
2.20698
-2.13412
-2.67208
-1.76283
0.338336
-0.518651
-0.0344921
-1.54218
2.90187
-1.2865
-1.77057
-2.11669
-0.433581
0.169322
-0.5578
