3.09384
-0.727179
0.491336
-1.48534
1.50245
0.421689
2.99642
2.05805
0.641473
-1.01471
-1.32432
-1.46811
-2.2081
-2.92164
-0.484687
-1.24503
0.94964
3.14051
0.279512
2.9418
1.14726
-0.101232
0.342017
1.62581
-0.0948352
-1.34679
-1.72197
-1.24348
-2.75922
-1.76706
-2.20828
0.229458
-1.10005
-1.04324
-0.387298
-1.77452
-1.04348
-2.1753
-1.5516
-0.807101
0.545239
-0.93561
-1.73921
-1.89348
-1.33679
-1.4882
-2.06476
-1.07112
-1.42237
0.358353
-2.52112
2.34031
-1.88141
-1.0689
-1.30413
-0.289036
-0.797854
-0.322664
-2.47389
-0.222452
-1.37006
-1.74176
-2.26573
0.528506
1.3965
2.74687
1.63642
0.551725
1.26986
0.0820609
0.69887
0.324029
-1.06796
-1.49191
-1.12309
-1.40783
-1.17594
-1.944
-0.731974
-1.31698
1.17724
1.74886
-0.351184
0.633814
0.616816
0.164496
1.13728
1.23756
-1.56287
0.778039
-1.14327
-1.41846
-2.21578
-0.671683
-0.910011
-1.05022
-2.15571
-0.861514
-1.42102
-0.746847
-2.02829
-2.6263
1.14287
-1.64479
-0.673549
-1.83762
-1.51446
-1.81122
-1.32845
-0.500766
-0.199054
-0.923755
-2.54452
1.66604
-1.97973
-1.31785
-2.48104
-1.25662
-1.51668
-1.3771
-1.89157
-0.430521
-1.92665
-0.900874
-2.78828
-0.530818
-0.64867
-0.996803
-0.156893
-1.66579
-0.238205
-1.89838
-1.52269
-1.40272
-2.34042
-1.53222
0.130649
-0.70977
-1.67142
-1.77654
-0.46068
-2.12299
-0.682129
-0.709187
-1.59888
-1.44603
-1.02923
-1.53702
-1.6837
-1.91076
-1.61581
-1.23002
-0.126526
-0.442185
-1.98924
-0.378655
-1.25921
-2.30469
-1.12408
0.728178
0.365486
-2.13243
-1.33457
-1.51652
-0.916027
-2.41498
0.324546
-0.706032
1.31698
-2.3386
-1.15355
-0.931092
-0.230268
-1.66591
0.11196
-1.32886
-0.750853
-0.371918
-1.8074
-1.37336
-0.809348
-2.06596
-2.37882
0.53575
0.105009
-1.23549
-2.80618
-1.30365
-1.17284
-2.47011
-1.07505
2.1169
-1.65441
0.101456
-0.598731
-2.7353
-1.95292
-1.23204
1.11621
-1.121
-1.20528
-1.72238
0.296881
-2.62685
-1.28447
-1.65585
0.0397759
-1.70167
-2.27426
-0.88405
-1.5905
-1.12939
-1.71373
-1.15748
-1.67731
-1.01877
-1.37655
1.02152
-0.993873
-1.82219
-2.20264
-2.1193
-0.643834
-0.364059
-1.36268
-1.88313
-1.12983
-1.80402
-0.581742
-0.986574
0.332294
-2.52501
-0.801484
-1.27712
-0.89291
-1.96928
-1.86646
-2.15889
2.94739
-0.821477
-1.81621
0.51869
-0.942719
-2.28158
-2.05142
0.0461475
-0.651112
-0.289222
-1.72182
2.24554
-1.11082
-2.21303
-1.91631
-0.299036
0.0835233
-0.669222
