-0.636977
-0.720379
-0.87458
-1.51491
0.555796
0.949726
2.73254
2.31238
1.32399
-2.59299
-2.22886
-2.33477
-1.81647
-2.96335
-0.758572
-0.17113
0.883768
2.24057
0.0461373
2.83867
1.39984
-0.0352603
0.418943
1.26163
-1.7533
-0.853954
-2.43595
-0.763284
-1.46741
-1.29031
-1.71294
0.175598
-1.38381
-2.18597
-1.06887
-2.04907
-0.665823
-2.15919
-1.31584
-0.933831
-0.547521
-1.30866
-0.631005
-1.79577
-2.20144
-2.02894
-1.24229
-0.623712
0.0946686
-0.725084
-2.59935
2.31464
-1.51474
-0.748839
-1.09643
2.1272
0.197823
-0.519132
-2.00623
-1.20078
-1.92832
-1.87088
-1.009
-0.281251
0.944483
2.86077
2.88244
0.494001
1.15474
-0.124932
1.54242
0.699417
-2.09766
-0.885698
0.31992
-2.2297
-1.0515
-0.560259
1.02718
-1.10833
1.20698
0.343176
0.127807
0.126932
1.04838
-0.0173919
-1.66218
0.246704
-1.4458
1.32341
-3.10078
-1.97862
-1.95642
-1.22917
-0.240569
-1.2726
-0.421096
-2.45147
-1.46773
-1.2329
-1.77592
-1.11743
-1.74022
-1.71026
-0.988071
0.31899
-1.36732
-1.86636
-1.68355
-1.47315
-0.941101
-0.814147
-0.781032
0.30923
-0.968391
-0.834441
-2.13081
-0.631571
-1.38848
-0.779147
-1.44291
0.979593
-2.11442
-1.41399
-2.12891
-0.524728
-1.72356
0.830174
1.45549
-1.41481
-1.60443
-2.23275
-1.82956
-1.95704
-1.02821
-1.02902
0.460033
-1.9023
-1.73948
-1.3132
-0.877248
-2.30616
-0.816859
-1.04921
-1.7905
-3.57937
-1.90144
-0.690833
-2.71164
-1.59843
-1.57335
-0.260362
-2.35827
-1.13809
-1.91029
-1.48576
-1.51918
-2.69274
-1.13761
0.676485
0.836897
-2.08977
-1.32063
-1.8221
-0.369245
-2.45918
-1.11445
-1.20328
1.97895
-2.147
-2.14253
-1.59534
-0.926898
-2.0244
-0.462632
0.737713
0.360258
-1.073
-1.71432
-0.642403
-1.36137
-1.82243
-0.783057
-0.715363
0.214917
-1.1319
-2.41946
-0.609285
-1.83892
-0.876514
-1.44909
3.03234
-1.27528
1.80218
0.0081998
-2.48363
-2.22526
-0.577195
-0.148493
-1.75012
-0.908892
-0.895969
-0.832468
-2.71797
-1.92399
-2.00396
1.84483
-2.08912
-1.89233
0.370623
-1.37576
-1.68723
-1.56819
-1.23123
-0.626697
-0.929866
-1.74909
0.276115
-1.35272
-2.05515
-1.83672
-0.893509
-0.72406
-0.329772
-1.00714
-0.407859
-1.33952
-1.80962
-1.76713
-1.60528
1.27575
-1.46981
-0.532537
-0.67872
0.177808
-1.84971
-1.83841
-0.723864
2.91947
-1.63871
-1.40548
1.26611
-2.54655
-2.23627
-1.84797
-0.781063
-0.838461
0.223381
-1.81813
1.03242
-1.35168
-2.33274
-2.29289
-1.64578
-1.94098
-2.00271
