-0.398868
3.39605
-0.711442
-0.746915
0.133637
0.805005
3.14389
2.79087
-1.19915
-2.79583
-1.69173
-1.83823
-1.40771
-2.12887
-1.09681
0.515556
2.99831
0.888838
2.98166
0.22729
0.495838
1.67504
0.609476
0.110394
-1.68875
-0.94905
-1.59024
-1.0074
-1.31333
-1.07922
-0.747124
1.35955
-0.0030225
-1.24668
-2.19643
-1.68147
-1.65215
-1.69563
-0.493801
-0.75179
-0.174077
-1.3302
-1.25566
-2.51842
-2.33785
-1.92916
0.299008
-1.14238
-1.31548
-0.659161
-2.38991
-0.835874
-2.33916
-2.3665
-1.8392
0.14282
-1.84152
-2.32903
-1.42241
-1.64101
-2.78524
-1.86931
-1.82301
1.85926
2.43908
1.31766
0.333059
2.23856
0.717522
1.46215
0.0221054
1.19464
-0.90387
-1.07067
-1.41168
-1.65916
-0.0367453
-1.30504
1.00443
-1.27377
2.34247
1.28296
0.211637
0.371404
-0.107519
0.893164
-0.154367
0.464604
-1.30996
1.28062
-1.76248
-2.95862
-2.21443
0.812727
0.767208
-0.236642
-0.777392
-1.9215
-1.32616
-1.73644
-0.941417
-1.24098
-0.425142
-0.729559
0.340574
0.631393
0.306263
-2.50233
-1.48989
-2.19722
1.40463
-1.09338
-1.53039
1.26744
-1.96182
-1.49372
-1.9573
-0.954063
-1.07927
-0.712651
-1.49971
-1.67556
-2.60646
-1.65725
-2.33324
-0.797963
-0.670584
-0.429912
-0.182136
-1.71758
-2.27132
-2.7749
-1.87345
-1.85403
-2.39114
-1.5055
-0.217569
-1.50956
-2.43173
-1.34988
-0.752286
-1.85554
-0.675188
-0.487682
-0.764075
0.726315
-2.35596
-1.05428
-1.06924
-1.60263
-1.46584
2.06258
-0.583279
-0.73954
-2.45163
-2.00076
-1.05117
-0.612542
-0.843039
0.86744
3.26812
-1.69598
-1.12859
-1.56733
-0.309585
-1.98111
-0.785689
-0.785577
1.40362
-1.73211
-0.928356
-1.51043
-0.712725
-2.20549
-1.28639
-0.80541
-0.255209
-0.561041
-2.01669
0.326999
-1.30532
-0.663657
-1.05047
1.21465
0.230735
-0.562358
-2.30081
0.00531538
-2.42008
-1.84231
-1.83652
2.35509
-1.38176
-0.858017
-0.453862
-2.39733
-1.3482
-1.58423
-1.60955
-1.89615
-0.2149
-1.43191
-1.156
-2.26182
-2.28841
-3.36315
1.23317
-1.89073
-1.4627
-0.433303
0.119926
-1.57801
-1.51023
0.00455631
-0.933222
-0.387093
-1.67845
0.269402
-1.73923
-3.0154
-1.87282
-0.543544
-0.941803
-0.51468
0.537197
-0.430199
-0.899543
-2.34971
-1.22374
-1.3088
-0.399018
-2.27486
-0.338849
-0.479999
-0.307046
-2.59571
-1.58276
-2.06838
2.61808
-2.15923
-1.44548
-1.10611
-1.30095
-1.7726
-1.93868
-0.0822396
-0.564034
-1.37721
-1.92891
2.314
-1.64258
-2.01293
-2.24004
-1.39177
-0.287657
-1.3768
