-0.461038
-0.146868
0.197862
-0.384438
0.83149
1.74644
2.81834
3.11698
-0.248065
-3.08059
-1.81314
-2.42566
-0.814905
-2.83917
0.894753
-0.702298
2.52355
1.69062
2.92732
0.325687
-0.532627
1.40461
1.79689
0.0333803
-1.62906
-2.49278
-1.91635
-1.70121
-1.31074
-1.88812
-0.0725268
0.22343
-0.18542
-1.77548
-1.48649
-1.65781
-0.665562
-2.54873
-0.357449
-0.858815
0.755551
-1.58506
-1.79202
-2.18337
-0.973038
-2.16001
-1.04896
-0.694691
-0.963474
0.0437045
-1.70029
1.51388
-1.71917
-1.15068
-1.62135
1.34323
-0.860683
-0.0263818
-1.74818
0.417528
-1.53382
-2.40696
-1.94539
3.62027
2.52259
1.64812
0.501366
2.6603
0.419853
1.40071
0.877836
0.60453
-1.91203
-0.304847
-1.50154
-1.90009
-1.50355
-1.3125
1.17849
-1.62131
2.39103
1.2231
0.311351
0.780811
-0.110445
0.887026
0.346247
-0.649234
-1.81499
-0.193008
-2.2519
-1.90132
-2.4313
-1.38826
-0.486581
-0.0802259
-1.15578
0.215987
-0.448621
-1.38969
-1.80577
-1.63621
-0.405604
-1.54536
-0.267382
-1.2472
-0.0698813
-2.46134
-1.51813
-0.958551
0.609836
-0.878188
-1.91774
0.207569
-1.13731
-1.11708
-1.96787
0.280136
-1.01056
-0.0285738
-1.53934
1.39025
-1.78319
-1.16261
-2.40023
-1.02799
-0.430909
-1.17064
-1.05492
-1.82749
-0.663451
-1.56285
-1.34919
-1.06482
-0.621069
-0.844817
2.11712
-1.93128
-1.80242
-1.67212
-1.38063
-1.95302
-0.805159
-0.948715
-1.30895
-1.14015
-1.75562
-0.669516
-1.04983
-2.62152
-2.82444
0.333391
-0.548451
-0.757315
-2.10274
-1.29984
-0.882442
-1.33329
-1.31104
2.24068
0.542838
-2.05042
-1.29632
-1.0926
-0.460391
-1.84479
-0.935109
-0.088792
0.90986
-1.21078
-2.35295
-2.05702
-0.596308
-2.08138
-0.768142
0.0830896
-0.329235
-0.397683
-2.48006
-1.59168
-0.953268
-1.01464
-1.65979
0.525109
0.733666
-2.20458
-2.38414
0.0054265
-2.31807
-1.3594
-2.33431
2.55545
-1.00294
0.511624
0.154118
-1.69325
-1.56409
-1.07262
2.13226
-1.66451
-0.298749
-0.88219
-0.31007
-2.55487
-1.72747
-2.0282
1.38361
-2.14199
-1.7477
0.636892
-0.756301
-1.58685
-2.13065
-0.965018
-1.50733
-1.24777
-0.777789
-0.826803
-1.04019
-2.04209
-2.20568
-0.961804
-1.06474
-1.56476
-0.0174728
-0.212586
-1.66161
-1.67127
-0.57636
-1.24639
0.769674
-2.80209
-1.42053
-0.755603
-0.813351
-2.4982
-2.17672
-1.43822
1.11747
-1.56784
-1.22704
1.71065
-2.19658
-2.21844
-1.41262
-1.05018
-0.261615
-0.657557
-1.43895
1.61707
-1.50285
-1.27549
-1.96383
-1.37265
-1.4869
-1.70727
