1.65323
-0.705584
-0.873553
-1.95899
1.24455
0.305888
3.08609
2.61128
0.190925
-1.79934
-1.69087
-2.21302
-0.583839
-1.40004
-0.877395
2.53071
1.74022
1.27252
0.367339
2.27496
1.63166
0.348143
0.615365
1.68429
-1.59607
-0.69988
-1.92104
-1.98557
-1.54352
-1.2696
-1.083
0.408802
-0.418696
-1.72469
-0.459748
-1.64598
-2.17727
-1.88785
-1.01731
-1.47902
-0.764749
-0.818343
-0.687992
-1.49961
-1.30611
-2.24838
-0.584092
-0.970717
-0.791689
-0.42609
-3.33058
-0.534256
-1.05825
-1.54791
-2.24786
-0.693565
-0.154839
0.0295792
-1.73236
-0.508498
-2.04347
-2.32943
-2.52046
-0.695704
0.99872
2.83205
2.33535
0.276296
1.20436
0.587286
1.84816
0.350275
0.177675
-1.61681
-1.18291
-2.12385
-1.61053
-0.533874
-0.37268
-1.17852
1.35484
1.67575
0.241038
0.0498804
0.714505
0.450494
-0.0101578
0.780481
-1.10294
1.06212
-2.41005
-1.61115
-2.25427
-0.931062
-1.06541
-0.293054
-0.311518
-0.513941
-1.86445
-1.4369
-0.737464
-2.19073
0.8798
-1.69931
-0.447049
-0.530962
-0.251715
-2.2341
-1.48423
-0.785622
0.522857
-1.69815
-2.6294
0.676062
-3.02082
-1.55564
-1.98638
-1.4875
-1.21596
-0.537151
-1.16505
0.584103
-1.21642
-1.48931
-2.10399
0.426106
-0.513062
-0.246662
1.26485
-1.23907
-2.36768
-2.18941
-2.0551
-1.73607
-1.34711
-1.17743
-0.63757
-1.80834
-2.50163
-1.17665
-0.934019
-2.44561
-0.444705
-0.977763
-1.90865
-1.10621
-1.74517
-1.18449
-1.38865
-1.7629
-1.67669
-0.557124
-0.724821
0.0306997
-2.01348
-0.214878
-0.967369
-1.73296
-1.37423
1.53042
0.639981
-1.61663
-1.07952
-1.5848
-0.665901
-2.25206
-0.381667
0.525564
1.18158
-1.66226
-2.2136
-0.691448
0.184559
-1.74769
0.128323
-1.06655
-1.27617
-0.689288
-2.45148
-1.52202
-0.181504
-2.08679
-2.00514
0.68509
-1.59646
-0.35367
-2.01437
0.231222
-1.60743
-1.87507
-1.40178
1.64067
-0.546598
-0.0953552
0.158382
-2.04982
-2.41553
-1.32696
0.0664856
-1.68744
-2.26363
-0.781298
-0.959568
-2.14472
-1.71921
-1.73705
-1.00602
-2.41704
-1.63959
0.96794
-1.79115
-0.583382
-1.95799
0.376468
-1.12298
-1.96611
-0.310913
0.829892
-1.12373
-1.68016
-1.48067
-0.657452
-0.904957
-0.433106
-1.5132
-0.697325
-1.2762
-2.32792
-1.52044
-0.579698
1.16941
-2.4697
-0.244171
-0.881798
-1.29856
-2.13943
-1.49109
-1.4792
2.95885
-1.36374
-2.80832
-1.34515
-2.65374
-2.85559
-2.89642
-0.445227
0.173361
-1.67461
-1.37906
2.00638
-1.70563
-2.24478
-1.88119
-1.78013
-0.738703
-0.55428
