-0.774298
1.2369
-1.22773
-0.468345
0.892715
0.511496
2.65418
2.39554
1.4833
-1.54505
-1.81064
-1.85702
-1.37857
-2.75475
-0.239325
0.394147
2.74839
1.33864
3.01517
0.721086
0.234791
1.61836
0.723773
0.766213
-1.15281
-1.91188
-1.87657
-1.63274
-1.83299
-1.87905
-1.43321
-0.778201
-0.628404
-0.215574
-2.6699
-1.57979
-0.912297
-2.18909
-1.24509
-1.32132
0.264114
-1.47355
-1.42257
-1.39218
-1.18955
-2.4227
-1.12358
0.232127
-0.971179
-0.408208
-2.86114
-0.590616
-1.99827
-1.17411
-2.14388
0.0621636
-0.959726
-0.261703
-2.0397
0.126034
-2.10755
-2.04212
-2.50131
0.625186
3.18727
0.702561
-0.0420171
2.40048
0.460526
1.15783
0.612417
1.0786
-1.82891
-1.15245
-1.32862
-1.79496
-0.498845
-1.14962
0.105256
-1.54388
0.233935
1.23109
0.475043
-0.134633
-1.04123
0.96584
-0.081683
0.298343
-1.21883
-0.543582
-2.08883
-2.29297
-2.1529
-0.195607
-0.755539
-0.212167
-0.92096
-0.796117
-0.217976
-1.64895
-1.19828
-1.46483
0.276737
-2.39042
-0.0386001
-0.803556
-0.192671
-2.58829
-1.54701
-1.69274
1.17777
-0.633204
-2.15207
2.32037
-1.12158
-1.57676
-2.35787
-1.37587
-1.30013
-0.418252
-1.74991
0.334699
-2.19401
-0.832232
-1.98678
-0.680756
-0.537373
-0.0490219
-0.312156
-0.449358
-2.27146
-0.690127
-1.23563
-1.69575
-2.10275
-1.43047
-0.155221
-1.31063
-1.41189
-1.27348
0.98138
-1.64364
0.124984
-1.1656
-1.51647
-1.00864
-1.51364
-0.0537605
-1.39889
-3.59868
-2.18949
0.810205
-0.642046
-0.275656
-2.33112
-1.1272
-0.957644
-1.8467
-0.8938
1.85645
2.27897
-1.54347
-0.936488
-1.62129
-0.626881
-2.64175
-0.802208
-1.80763
0.951185
-2.54814
-2.03751
-2.06046
-1.10791
-1.60209
-0.981093
0.3311
-0.717752
0.336989
-2.51235
-1.63169
-1.87129
-1.56343
-2.09778
0.440157
-0.0796914
-0.775631
-1.8384
-0.304691
-1.25364
-1.47777
-1.54944
2.73798
-1.65319
0.00414988
-0.408175
-1.65263
-1.8182
0.203701
0.370999
-0.950911
-1.0098
-1.31602
-0.674603
-2.2196
-0.87877
-2.30005
1.84308
-2.05516
-1.43967
1.14205
-0.696076
-1.95223
-2.27546
-0.657455
-0.00862763
-1.36417
-1.81852
0.200845
-1.55959
-2.31436
-2.20282
-0.364161
-0.234654
-0.0869057
-0.661193
-1.33325
-1.39624
-2.34486
-1.92093
-1.35261
0.034029
-2.09008
-1.49703
-1.64434
-0.805204
-2.54519
-1.76031
-1.85864
2.76179
-2.32539
-0.742309
-0.524439
-2.09963
-1.72014
-2.35451
-0.144772
-0.134966
-0.800834
-1.67336
1.60121
-2.10248
-2.44734
-1.67704
-1.67349
-0.48091
-1.54713
