1.21862
-0.0653042
-0.536189
-1.65577
0.797557
0.767632
3.04833
2.83195
-1.3695
-3.05342
-2.20955
-1.91785
-0.264109
-1.77911
-0.717985
0.59134
-0.614788
2.15879
0.648532
3.15743
1.20349
0.838462
0.479819
0.416371
-1.97365
-0.37387
-1.43927
-2.89692
-1.68769
-0.888504
-1.26027
0.293866
-0.379922
-2.13931
-0.919049
-2.47431
-1.32911
-1.35167
-1.28587
-1.74364
-0.167405
-1.49208
-0.896626
-1.13353
-0.277497
-2.06852
-1.26974
-0.862141
-0.701792
-0.58954
-2.70521
-0.738625
0.0746508
0.306961
-1.84136
-0.342563
-0.879507
-0.628499
-2.18887
-1.26497
-1.88985
-2.07266
-2.08432
3.36737
1.56015
2.02912
1.96963
0.720391
1.35679
0.107668
1.53611
0.217541
-2.08451
-1.74104
-0.0495042
-1.37282
-1.78814
-1.38753
1.94693
-1.54075
1.20871
1.36071
0.37631
-0.11226
0.916783
0.131887
0.0536645
-0.960056
-1.32272
-0.696355
-1.3253
-1.0129
-1.88371
-0.627304
-1.11717
-0.0949123
-1.31994
-0.44024
-0.391666
-2.55631
-0.896078
-1.71786
0.150093
-2.10607
-0.344617
0.957458
-1.12112
-1.76681
-1.23078
-1.06748
0.312573
-1.40369
-2.07143
0.74201
-2.02266
0.0818455
-2.16911
0.757245
-0.982509
-0.136526
-1.6017
0.541573
-1.96637
-1.11707
-2.47054
0.218957
0.0508889
0.741997
2.18151
-1.87804
-2.37227
-0.946477
-1.41295
-2.2843
-1.27433
-1.03981
1.08179
-2.20628
-1.62798
-1.68255
-0.959423
-2.05643
-0.628808
-0.742471
-0.915176
-2.09447
-1.50058
-1.31249
-1.43299
-1.99821
-3.57706
0.736252
-0.642597
-0.740241
-2.36199
0.0966383
-0.99781
-1.41123
-1.68766
2.13714
0.544733
-1.20972
-0.916728
-1.54864
0.0906753
-1.79737
-0.44722
-1.53777
0.708973
-0.427583
-2.03373
-1.22981
0.523884
-1.8994
-0.631167
-0.805731
0.734177
-1.38584
-1.58754
-0.895632
-1.73974
-1.41641
-2.2541
-0.0295819
0.533055
-0.735347
-2.4536
0.0568139
-1.70735
-2.08191
-1.41069
1.51871
-1.2244
0.597117
0.618417
-2.08453
-2.33203
-1.264
0.775809
-2.098
-1.2736
-1.11324
-1.39109
-2.5322
-1.69465
-2.21004
-0.676936
-2.40645
-2.22052
-0.295446
-1.24323
-1.85454
-2.40594
-1.49206
-1.08701
-1.7211
-1.30757
1.2087
-1.2741
-2.04674
-2.21521
-0.722699
-0.92659
-0.501142
-0.931843
-1.26364
-0.999786
-2.28872
-1.50994
-1.08232
1.42684
-2.00286
-1.84954
-0.644106
-0.254933
-1.87058
-1.7276
-2.02538
2.32469
-2.03303
-1.82592
-0.179116
-1.02191
-1.6443
-2.17761
-1.10145
-0.455238
-2.7322
-1.82633
1.99834
-1.54752
-1.50476
-2.00024
-1.77732
-1.50242
-1.08685
