-2.42594
2.68571
-1.85324
-0.460283
-0.00844073
0.84675
2.01559
1.6628
-0.759377
-1.59059
-1.97144
-2.19979
-1.84137
-2.2749
-0.478622
0.59478
2.09332
0.711987
2.23466
0.721181
0.431697
1.82649
1.84578
-0.206006
-0.685901
-0.271621
-2.31147
-1.05679
-2.22854
-2.05022
-2.04016
0.307738
0.834702
-2.52227
-0.667757
-0.455733
-1.52998
-1.65038
-1.22367
-1.4425
0.331048
-1.48796
-0.695701
-2.34158
-0.0225917
-2.78957
-1.76505
-0.873614
0.279248
-0.486987
-2.23516
-0.956947
-1.89439
-1.02987
-1.09268
-0.169774
1.21254
-0.144679
-1.94114
-1.27118
-1.32653
-1.2932
-1.81904
-0.802448
2.6368
0.436818
-0.00345583
2.25534
0.367223
1.22499
0.425747
0.843209
-0.786697
-0.572914
0.0810692
-1.48494
-1.46864
-1.82489
-0.201637
-1.08389
0.584545
1.37396
-0.270815
0.214827
0.165887
0.949365
0.624896
0.385322
-0.730383
-0.331852
-2.00802
-1.15692
-1.89155
-0.468164
-0.812519
-1.40579
-1.40457
-0.429474
-1.09892
-2.24279
-1.43425
-2.38728
-1.77767
-1.95963
-0.597362
-2.96094
0.158222
-1.91286
-1.11676
-2.18481
2.64497
-1.37759
-2.47926
-0.874438
-1.77219
-1.66914
-2.29062
-1.10472
0.00216043
-1.28001
-0.822724
1.23104
-1.08946
-1.3838
-2.21528
-0.837591
-1.27144
-0.239532
-0.304482
-2.17282
-2.6417
-2.75172
-0.756713
-2.28116
-1.60214
-0.495358
-0.184373
-1.43036
-1.62365
-0.79627
-0.709755
-2.20377
-1.58625
-1.75395
0.210695
-0.627544
-1.75103
-0.836019
-2.14105
-2.30612
-1.7423
-1.20948
-1.20691
-2.19142
-1.62544
-1.33772
-0.838714
-1.55304
-1.63255
-0.0930862
-0.373535
-0.708469
-1.80499
-0.955753
-0.789677
-2.45107
-1.7571
-0.904209
1.62189
-2.76565
-2.11751
-1.30643
-0.292944
-1.87521
-1.66713
-1.13476
-0.0810771
-1.26751
-2.61304
-0.559824
-1.87476
-0.681999
-1.95907
2.0502
-0.473094
0.0297468
-1.81045
-0.846981
-1.69178
-1.51158
-2.31911
1.75559
-1.66027
-0.93603
-1.31031
-2.95263
-1.61939
-1.4527
3.22279
-2.23256
-0.935247
-1.5359
-0.111513
-2.22427
-2.60719
-3.54327
2.56015
-2.50489
-1.83147
0.357832
-0.0307029
-1.42541
-2.12664
-0.756798
-0.187959
-1.16793
-1.10562
0.497021
-1.71257
-1.05372
-2.1639
-1.38608
-0.572847
0.681823
-1.50038
-1.40172
-1.24932
-1.5016
-1.39062
-0.743436
2.21578
-1.43874
-0.373359
-0.806818
-0.468288
-2.19507
-2.09828
-1.27462
2.60493
-1.93821
-1.51401
-0.973411
-2.15309
-1.45836
-2.28803
0.0204794
-1.23695
-0.459361
-1.28176
1.92181
-1.58722
-2.17984
-2.00888
-0.94555
-0.726972
-1.36247
