1.34631
-1.83203
-2.01693
-0.695197
1.43072
-0.402354
2.98232
2.63396
-1.0544
-1.4759
-1.29547
-2.62625
-2.06757
-2.23563
2.06387
-0.636487
1.13294
2.96455
-0.247804
2.81427
1.04614
0.0310677
0.515553
1.10979
-2.04275
-1.20533
-1.40979
-2.40198
-0.722081
-0.916264
-1.38586
0.503322
0.974639
-1.94378
-1.64543
-1.55105
-1.59442
-1.92501
-0.994495
-2.82668
0.174446
-1.9985
-1.81328
-2.02885
-1.36988
-1.66112
-0.867273
-1.14614
-1.88005
-0.0364201
-3.12406
0.0133597
-2.01326
-0.589478
-1.51185
-0.241668
-0.195926
-1.18261
-1.92327
-0.890883
-0.989249
-2.53348
-2.47897
0.128473
0.712955
3.07595
2.21961
0.634652
1.20219
0.622156
0.742927
0.705713
-2.51576
-0.728905
-2.15896
-1.5522
-1.63992
-1.67434
0.339257
-1.43793
1.39294
2.72517
0.0042464
0.36425
0.820254
0.142563
-0.496429
-0.339261
-0.857534
0.971092
-2.29457
-2.59626
-2.20362
-2.19323
-1.08543
-0.406209
-0.891728
-1.64759
0.311739
-1.92824
-1.42203
-1.9422
-0.276144
-0.908856
-1.16251
-0.599563
-1.18843
-1.36129
-1.09107
-1.85372
0.838982
-1.32098
-0.916182
0.239956
-1.74619
-0.481957
-2.42144
-0.115346
-1.28323
0.0528158
-0.805631
-0.147801
-0.817742
-0.503419
-1.51562
-1.88947
-0.694006
-0.155712
0.698648
-1.55039
-2.3662
-1.93931
-2.091
-1.64045
-1.94849
-2.20552
1.50612
-1.80241
-1.45475
-1.49914
0.120309
-2.21598
-1.236
-1.1245
-1.10263
-0.532322
-1.82377
-1.08318
-1.31951
-1.68057
-1.85378
-1.09829
-0.476104
-1.34688
-2.26743
-0.879994
-1.46318
-2.22203
-1.58033
1.3498
0.068858
-2.04171
-1.69576
-1.42852
-0.418774
-2.28877
-1.25574
-1.1006
1.22242
-2.1899
-2.61349
-3.0875
-0.568139
-2.25336
-0.672423
-0.422482
-1.0489
-1.48789
-1.53366
-1.10734
-0.927719
-1.17197
-1.75796
0.492224
0.0874183
-1.02244
-2.21285
-0.434036
-2.12654
-2.22249
-1.95569
2.25026
-1.0584
0.303649
0.028872
-2.77362
-1.10438
-1.4937
0.891948
-1.48089
-1.28011
-1.42506
-0.816331
-2.50032
-2.03724
-2.02818
-1.11863
-2.23629
-1.49981
-0.215235
-1.55721
-2.01962
-2.12383
-1.47993
-1.05927
-1.23677
-1.48663
-0.361417
-1.42368
-1.73318
-2.02379
-0.895882
-0.946638
-1.11891
-1.34183
-1.11575
-1.31129
-2.44055
-2.1292
-1.23303
-0.966209
-3.15632
-0.7399
0.195815
-0.885518
-2.07571
-2.2089
-3.23959
2.26412
-1.16489
-2.17387
-0.287316
-1.25764
-1.22145
-1.92713
-0.645999
-1.08056
-0.876729
-2.14343
2.05996
-1.80688
-2.50993
-2.35389
-1.85089
-1.3093
-0.240219
