-0.551328
0.515895
-0.300286
-0.605025
0.933789
1.53122
2.79995
2.85069
0.244418
-2.21975
-1.87572
-1.12401
-1.87199
-2.23582
1.39543
-0.394344
1.72676
1.28086
2.81131
-0.0553824
-0.0703512
1.45595
1.00849
0.72182
-1.14433
-1.66447
-1.88209
-1.19156
-1.78261
-1.8838
-1.79582
-0.495524
-0.824768
-1.36104
-2.80451
-2.01006
0.106504
-1.9095
-1.02144
-0.838306
0.848912
-1.48105
-0.598508
-2.58555
0.400333
-2.05438
-0.770207
-0.602485
-1.90936
-0.460105
-2.59054
-0.701815
-1.83172
-1.01044
-1.99413
-0.0435724
0.0253483
-0.680007
-1.86913
-1.30879
-2.43468
-2.58321
-1.74227
1.43677
2.93682
1.47738
0.191015
3.04723
0.8202
1.35249
-0.082612
0.988795
-1.89995
-0.895967
-2.43562
-1.59568
-1.76376
-1.48235
1.75246
-1.28988
1.64838
1.28652
0.520413
0.569136
1.20333
0.869977
-0.372061
0.384776
-1.44498
0.396318
-1.71478
-1.39955
-2.19385
-0.454174
-1.1062
-1.2863
-1.37106
-0.695261
-1.46153
-1.75822
-1.25023
-1.96277
0.893541
-2.21819
-0.372785
0.741317
-0.83657
-2.03772
-1.08002
-1.64068
0.182691
-0.999124
-1.18956
-1.3864
-2.09018
-0.821573
-2.02296
-1.33614
-0.642978
-0.412998
-1.22021
1.5705
-2.52207
-1.71774
-1.58824
0.0871282
-0.594751
-0.0150469
0.245783
-1.75543
-1.8216
-2.0203
-0.566351
-1.52014
-1.44771
-2.14542
0.612848
-1.7289
-0.774138
-1.15489
-1.23496
-2.22303
-2.12671
-1.52461
-0.784381
-0.574285
-1.73994
-3.28138
-1.87319
-1.81165
-1.13768
1.45731
-0.653821
-0.0669106
-1.84791
-0.183077
-1.57975
-0.987232
-0.974313
-0.0241094
1.57338
-2.22115
-1.64749
-1.22791
-0.406235
-1.98256
-0.360043
-1.45399
1.14865
-2.12196
-1.76963
-1.31696
-0.531184
-1.79735
-0.950542
-0.837774
-0.31346
-0.77481
-2.0384
-0.89949
-0.906091
-1.48448
-0.950464
0.224952
-0.52329
-1.70412
-1.81876
-0.290315
-1.50454
-1.88951
-2.16855
2.18448
-1.61389
-0.562954
-0.280254
-2.79951
-2.00798
-1.27824
0.172657
-2.18732
-0.689661
-0.538392
-1.71883
-2.01197
-2.7301
-2.46546
-0.918817
-2.56193
-1.0855
0.996132
-0.697858
-1.45634
-2.10484
-1.10481
0.0848443
-0.25772
-2.22945
1.95952
-1.09121
-1.65168
-2.29081
-1.23559
-1.2397
-0.333806
-1.09416
-0.405505
-1.20565
-2.5343
-1.64518
-1.10834
-0.00802531
-1.85446
0.147644
-1.03842
-0.846214
-1.77127
-0.692014
-2.17055
2.24879
-2.68477
-2.26414
-1.11486
-2.46961
-2.44052
-2.19291
-0.0411905
-0.746052
-0.42635
-1.83325
2.14436
-1.87184
-2.03452
-2.30938
-1.19375
-1.7246
-1.04859
