-0.431801
-1.06094
-0.874021
-0.764169
0.706647
-0.0232851
2.07454
2.47575
1.09611
-3.63954
-2.15572
-2.23451
-1.65855
-2.22749
-0.362827
0.719585
1.22587
2.80946
0.057539
2.36053
1.63854
0.301926
0.518533
0.74254
-1.52305
-1.62183
-1.97413
-0.941016
0.0777511
-1.30303
-2.20676
-0.752632
0.387428
-1.87548
-1.51665
-2.49252
-1.01747
-1.38461
-1.45848
-1.97043
-0.552428
-1.24085
-1.70511
-0.94562
-1.76836
-2.16724
-1.40503
-1.483
-0.606861
0.305404
-2.29673
0.748175
-1.93645
-0.86691
-1.59951
-0.965272
-0.862754
-1.12337
-2.24621
0.0294982
-1.95493
-2.86117
-2.16121
-0.386807
1.36928
1.97467
3.16551
0.296963
1.45102
-0.107919
1.28863
0.387436
-2.46236
-1.39802
-0.760302
-2.18104
-2.73064
-2.09571
0.269037
-2.23661
1.88735
2.44601
-0.288181
-0.039282
0.869427
0.372626
-0.448442
0.276372
-1.54968
0.729113
-2.48895
-3.11075
-2.00655
-2.20115
-1.47428
-0.972397
-0.627691
-2.15829
-0.983992
-1.71166
-1.45889
-1.22691
-0.361647
-1.62463
-0.684685
-0.607202
-1.65809
-1.48478
-1.47725
-2.46474
-1.54373
-1.52881
-1.90838
1.10753
-1.45294
-1.20317
-2.15742
-0.556624
-0.520689
-0.0187804
-1.67658
1.57846
-1.10524
-1.56194
-2.26732
-0.479106
0.22231
0.137405
0.637368
-1.55776
-1.97806
-0.834094
-0.536322
-2.11722
-0.519412
-1.13845
0.275973
-0.903306
-1.63883
-1.60117
-0.0376248
-1.66126
-0.0739224
1.00584
-1.93363
-1.60277
-1.3304
-2.22618
-1.51746
-2.18636
-1.73273
0.157789
-0.875449
-0.643535
-2.78267
-1.42585
-1.11665
-2.0063
-1.60776
0.474141
-0.558804
-2.08953
-1.30325
-2.02811
-0.490057
-1.39884
-0.546328
-1.35498
1.51694
-1.63578
-2.06044
-0.682418
-1.53253
-2.25149
-1.74802
-0.43294
-1.14718
-0.609599
-2.24773
-2.01985
-0.599378
-1.49011
-2.41112
0.575703
0.432741
-0.980777
-1.9683
-1.27311
-2.14266
-1.1038
-2.46162
2.0472
-1.34092
1.25029
-0.474662
-2.01506
-1.62085
-1.33624
0.933647
-0.925464
-1.05934
-2.09291
-1.44324
-2.08928
-1.34011
-1.90652
1.50676
-2.20852
-1.90459
0.334922
-1.81028
-1.66635
-1.68511
-2.2867
-0.796247
-1.43625
-0.947609
1.03009
-1.7602
-1.88349
-2.14349
-0.84766
-0.938662
-0.739317
-1.39375
-1.28588
-0.887045
-2.41822
-0.747088
-0.681781
-0.202778
-1.70358
-0.642876
-0.735955
-1.02149
-2.05724
-2.27678
-0.486344
3.00129
-1.72094
-1.56573
0.809999
-1.83996
-2.74652
-2.11296
-0.00507136
-0.562867
-1.35544
-1.76919
0.962228
-2.36074
-1.69438
-2.02719
-1.10825
-2.44347
-1.13222
