1.112
-0.530854
-0.268416
-0.796133
1.58752
0.221352
1.98952
1.41156
1.33262
-1.40475
-1.49362
-2.45765
-1.47297
-2.09059
-0.24884
0.697379
0.840077
3.13763
0.274856
2.9234
1.13457
-0.144553
0.839255
1.05898
-0.940455
-1.47857
-1.85503
-1.88518
-1.17813
-1.5925
-1.20436
0.324094
-0.559247
-1.30147
-2.4076
-2.09301
-2.11326
-2.11199
-2.0007
-1.13024
-1.0131
-1.40336
-1.38343
-1.83574
-0.158203
-2.06751
-1.85056
-1.116
-1.79715
1.60389
-2.0934
-0.653108
-1.55905
-1.55699
-2.20705
1.17166
-0.799722
-0.923329
-2.06593
0.527343
-2.05381
-2.00222
-2.45654
-0.590128
1.79999
2.29837
2.55647
0.465921
1.23611
-0.181473
1.26733
0.376566
-0.440814
-1.10643
-1.19952
-1.64565
-1.2602
-1.25604
0.478895
-1.17756
1.27717
0.34242
0.11017
-0.0620607
1.07316
0.606097
0.282814
0.324863
-2.35328
-0.247251
-1.74244
-1.26495
-1.4576
-1.04129
-2.23759
-0.835928
-0.67005
-1.03647
-1.4469
-2.04155
-1.71712
-1.65835
-0.104824
-1.72347
-1.02353
-0.961613
-2.20249
-2.0939
-1.06443
-1.68017
0.907405
-1.40042
-2.13149
0.863484
-1.73509
-1.35774
-2.28986
-0.463228
-0.909803
-1.67499
-1.2224
0.542736
-1.93623
-1.22577
-2.00931
-0.304774
0.489606
-0.42436
-1.07001
-1.48221
-1.51881
-2.98034
-2.03094
-1.49049
-1.026
-0.478988
-0.336212
-1.6206
-0.955342
-1.20934
-1.17889
-2.47884
-0.835219
-0.221928
-0.837738
-2.12737
-1.14419
-1.39381
-1.36682
-2.44387
-1.85888
-0.909504
-0.762157
-0.760352
-1.57022
-1.05248
-1.97851
-1.96387
-1.43994
0.874455
0.432634
-2.12333
-1.64949
-1.13746
-0.435549
-1.78632
-1.14077
-0.952666
1.03223
-2.21777
-2.19366
-1.94578
-0.667741
-2.41643
-0.15492
-1.13765
-0.291673
0.127435
-1.91334
-2.3256
-1.96572
-1.52564
-1.34343
0.48093
-1.29568
-1.47588
-1.41189
0.0747184
-2.25677
-2.1508
-1.95939
2.09101
-1.05627
-0.128704
-0.417741
-2.68861
-2.54278
-1.75527
-0.348406
-1.39241
-0.100894
-0.732602
0.250267
-1.9622
-1.57555
-1.88274
0.777424
-1.46557
-0.42009
0.561173
-2.31197
-1.07649
-2.20853
-1.14677
-3.89521
-1.28581
-0.987496
0.277323
-1.64954
-2.01494
-1.84175
-0.250357
-0.696538
-1.41063
-1.24979
-1.209
-1.48169
-2.44147
-1.65562
-1.64399
0.575698
-1.89411
-1.41825
-0.5656
-1.24109
-2.45871
-1.80742
-1.11163
1.42103
-1.94018
-2.01024
0.154915
-2.28757
-2.50053
-2.27788
-0.320865
-0.639408
-0.276799
-1.95192
1.10412
-1.57439
-1.60906
-2.18697
-1.69582
-1.26098
-1.16516
