0.764549
0.0629195
-1.89832
-0.833471
1.00973
0.443795
3.0219
1.73697
-0.351627
-2.13197
-1.94607
-0.670828
-0.691428
-2.3944
-0.838434
-0.226897
1.50491
2.83491
0.727239
2.80974
1.3307
0.912975
0.545573
2.77998
-1.07905
-0.747219
-1.43976
-1.07656
-1.37725
-1.21832
-1.1518
0.0345131
-0.595197
-1.80948
-2.16379
-2.25918
-2.01939
-1.87567
-1.40681
-1.3758
0.249528
-1.3443
-1.97013
-1.03253
0.305123
-1.59791
-0.360533
-1.13542
-1.86805
-0.919706
-2.68616
2.03584
-2.28183
-1.44346
-1.27634
-0.674144
-0.0660992
-1.12973
-2.33495
-0.539953
-1.57963
-1.74395
-2.72054
3.05565
1.80496
2.51509
2.64438
-0.0575233
1.49574
0.00408517
1.50095
0.326963
1.01201
-1.4143
0.294874
-1.38045
-2.04322
-1.07059
0.213794
-1.11011
1.3535
1.17268
-0.010819
0.303485
0.957071
0.590498
0.685222
-0.0949629
-1.10463
0.3167
-1.23118
-2.25565
-1.78805
-0.281777
-0.759453
-0.895111
-0.118082
-0.780064
-0.99947
-1.63925
-1.38042
-1.78878
-0.186561
-2.44184
-0.458298
0.0477439
-0.741005
-2.21039
-1.03658
-2.10232
1.24311
-1.43061
-2.3432
-0.762809
-1.39146
-0.78935
-1.59366
-0.562831
-0.641619
-0.479181
-1.38228
-0.891335
-1.74494
-0.229443
-2.01685
-0.752126
-0.956876
0.219777
0.522468
-2.26362
-1.3155
-0.986539
-1.27538
-1.61548
-2.08526
-1.16028
1.61198
-1.05135
-2.72058
-1.29893
-0.182621
-1.96366
-1.22326
-2.29601
-0.0327709
-1.03071
-2.27699
-0.77587
-1.50333
-1.93199
-1.66196
0.679335
0.117293
-0.688509
-1.97104
-1.3513
-1.73619
-1.55154
-1.12553
0.978424
-0.0829431
-1.54678
-1.34486
-1.37284
-0.630902
-2.3836
-0.216811
-2.05988
1.27344
-2.43265
-1.23307
-1.24888
-0.18245
-2.57812
-0.818123
-0.219468
-1.0572
-1.44018
-1.88514
-1.75105
-1.47952
-1.31701
-1.40577
2.40281
-0.0555654
-0.702339
-2.35704
-0.417453
-0.91644
-1.05964
-1.50832
2.54019
-0.981428
0.00765104
0.652646
-3.25316
-1.60666
-0.535816
0.816995
-2.17852
-1.04451
-0.536478
-0.463052
-2.1333
-1.11462
-2.49896
0.400017
-1.03726
-2.25446
1.91467
-2.31448
-1.80756
-2.39778
0.621958
-0.215231
-1.53112
-0.466185
0.688346
-0.731491
-2.0421
-2.1853
-0.259945
-0.104997
-0.0449793
-1.63331
0.174726
-0.2007
-1.83797
-1.73799
-1.1246
1.57316
-1.71974
0.506209
-1.51286
0.303996
-2.24
-1.51763
-1.50266
1.6301
-1.94759
-1.35499
-0.690078
-2.00937
-2.63763
-2.07324
-1.32679
-1.3351
-0.312435
-2.35244
2.57808
-2.05502
-1.56684
-2.22219
-1.5468
-2.2441
-1.03552
