1.17805
-1.72292
-1.69535
0.493753
1.01416
0.630132
1.41216
2.98512
-0.365287
-1.22385
-1.5944
-1.1406
-0.706805
-2.22143
0.521868
-0.0358031
1.14281
2.98954
0.0808446
2.63382
1.21827
0.861262
0.731405
1.99427
-1.87242
-1.8774
-1.68294
-2.16128
-1.85571
-1.39855
-0.940565
2.11079
0.633451
-1.27286
-2.18896
-1.80857
-2.09662
-1.07586
-3.6808
-1.99028
2.6691
-1.1771
-1.16109
-2.27005
-1.00823
-2.41372
-1.76308
-0.959831
-1.47104
2.71562
-2.59338
-0.569189
-2.4305
-0.485628
-1.13425
1.17329
-0.142138
-1.17073
-2.49403
0.455215
-0.299913
-2.42414
-2.49498
-0.473589
0.994078
2.13933
2.69178
0.227253
1.58595
0.343526
0.864074
0.174935
-0.00060568
-0.293032
-0.829021
-1.20562
-1.33988
-1.35595
1.64722
-0.96327
1.45805
1.34369
0.059155
0.843839
0.829344
0.871335
0.157712
0.373345
-1.5696
2.19139
-0.782043
-1.79409
-1.43107
0.175733
-0.0502983
-0.191925
-0.904863
-1.02136
-2.34959
-1.47237
-1.6684
-1.49498
-1.11854
-1.86589
-0.52104
-1.54207
-0.347439
-2.59981
-2.10366
-1.2086
0.323186
-1.14686
-2.14765
-0.70417
-1.98805
-1.80389
-2.10593
-0.571188
-0.654559
0.0960969
-1.2031
1.06488
-0.523188
-1.12692
-2.00186
-0.977893
-0.00356607
-0.747328
-1.37804
-1.9171
-2.44295
-2.69278
-0.865668
-1.06874
0.329544
-0.0710423
0.476523
-1.54678
-2.17395
-0.958887
-1.1673
-1.85836
-1.3439
-0.372992
-0.915506
-1.69919
-2.37379
-2.08219
-1.33839
-1.65981
-0.953818
-0.144436
-1.23581
-0.932417
-2.22838
-1.21129
-1.47892
-1.58873
-1.12541
0.230176
1.65146
-1.60413
-1.24087
-0.769217
0.537401
-1.81895
-0.0549234
0.685132
2.38851
-1.13858
-2.17376
-1.07478
0.430329
-2.45471
-0.0453125
-0.796791
-1.39924
-0.872384
-2.49054
-0.719466
-1.05971
-1.53
-2.63113
1.79045
0.849653
-1.08845
-2.14823
0.352918
-1.68059
-2.24808
-2.18823
2.22418
-1.39553
-0.61188
0.24788
-2.71743
-2.47746
-2.22012
1.50894
-2.05112
-0.702944
-0.368245
-0.905666
-1.97757
-2.60453
-1.90561
0.774444
-2.68172
-1.9156
-0.600984
-0.550964
-1.29986
-1.85753
-0.0640201
-0.108137
-0.552672
-1.50779
-1.02696
-0.848283
-1.17171
-2.09135
0.218907
0.12198
-0.478335
-0.398147
0.0437986
-0.417672
-2.16623
-1.1384
-0.804954
-0.0665029
-1.31252
-0.421909
-1.22795
-1.2903
-1.93503
-1.22751
-1.12286
1.55022
-2.48851
-1.87417
1.55607
-2.7072
-2.15659
-2.48057
-0.769462
-0.549094
-1.06838
-0.64732
1.69034
-1.50401
-2.08894
-2.26457
-0.432076
-1.11383
-1.51367
