2.86339
0.313085
0.743894
-1.54508
1.44001
0.265443
2.7277
2.56417
0.568827
-2.1238
-2.40023
-1.66776
-1.29039
-2.2962
0.0656444
0.933351
0.661204
2.92955
0.47348
2.19852
0.91871
0.257153
-0.195433
2.4003
-1.19155
-1.09156
-1.4215
-1.45741
-1.10382
-1.89897
-0.556907
0.844425
-0.951134
-2.28449
-3.26634
-2.16591
-1.72727
-2.0225
-1.27672
0.00910717
1.93764
-1.65373
-1.48179
-1.66495
-1.30797
-1.2301
-0.915204
-1.13203
-0.588054
0.520974
-2.2533
0.44614
-1.83689
-1.16245
-1.25197
0.0185754
-0.89332
-1.31113
-2.65863
-0.439482
-2.1764
-1.68982
-1.78038
0.954916
1.09064
2.86795
2.33072
1.06628
1.27795
0.275692
0.481898
0.550523
-1.39568
-2.3141
-0.741994
-1.86351
-1.68607
-1.79336
2.63335
-1.83098
1.4049
1.00372
-0.107102
0.0890402
0.960571
1.26361
1.13323
-0.461099
-1.83782
-0.0632939
-1.66421
-2.21576
-2.46129
-2.03063
-1.66843
-0.234284
-2.06928
-1.66061
-0.607844
-1.21403
-2.07723
-2.13423
-1.69038
-2.06283
-0.857722
0.401846
-1.18459
-2.31211
-0.697608
-1.66473
1.12088
-1.27487
-0.973446
-0.574983
-1.65859
-1.10009
-1.67231
-0.238136
-1.92266
-0.955746
-1.0098
1.43411
-3.23717
-1.99357
-2.03397
-1.20394
-0.691554
-1.95982
-1.88003
-2.12986
-1.74892
-2.44414
0.794477
-1.03343
-0.401277
-2.30567
0.0787434
-1.24942
-1.36145
-2.19046
-2.18513
-2.58349
-0.719871
-1.13819
-1.02019
-0.795859
-2.7954
-0.581711
-2.00412
-1.43584
-1.61148
-1.28513
-1.92465
-1.84926
-2.33916
-0.807053
-1.94563
-1.56792
-0.55814
0.510468
0.803431
-1.32669
-1.46026
-1.16194
-0.123458
-2.73949
-0.518333
-1.67619
0.953099
-1.32929
-2.31338
-2.20552
-0.792
-1.65715
-0.118956
-0.910727
0.206295
-0.362305
-1.86635
-0.630294
-0.758258
-0.960515
-0.560086
0.528147
-0.34459
-0.839851
-2.80241
-0.565566
-1.5108
-1.90883
-1.76698
1.44979
-0.910841
1.59854
-0.641713
-2.53899
-1.58727
-0.156051
1.19625
-1.07939
-1.39077
-1.61749
-0.876717
-2.21476
-1.29094
-2.38145
0.882259
-2.02322
-1.27206
-0.725688
-1.91874
-1.56945
-2.01791
-0.0747087
-0.923316
-0.406954
-0.925075
0.641005
-1.30289
-1.24778
-1.52755
-0.444808
-0.648188
-0.335254
-0.940909
-0.459826
0.225677
-2.47351
-1.66322
-1.42157
0.306831
-2.02657
-0.885875
-0.881362
-0.318913
-1.85873
-1.94149
-2.00656
3.31372
-1.6883
-1.75606
1.23554
-1.57345
-1.97498
-2.30796
-0.562411
-0.512222
0.604395
-2.30513
1.39325
-2.15078
-1.29845
-2.18763
0.199418
-0.944685
-0.389589
