-1.53916
1.56933
-0.693282
-0.645426
0.575583
0.890255
2.13426
2.87536
0.122216
-2.36142
-0.576716
-2.02038
-0.60812
-3.04662
2.01862
-0.41525
3.19074
1.12593
2.67102
0.0287725
0.520194
1.18115
1.09971
0.0760875
-0.574233
-1.69136
-1.93491
-2.11036
-2.25881
-2.15092
-1.53021
0.336099
1.53541
-0.419422
-0.843751
-1.73983
0.567937
-2.02892
-1.99702
-1.60929
0.136084
-1.31779
-1.24239
-2.68998
-1.05171
-1.74153
-1.51138
-0.411148
-1.17452
-0.468783
-2.0034
-0.363651
-0.773348
-2.19475
-2.15809
-0.17942
-0.440523
-1.73411
-1.71633
-2.1527
-1.25203
-2.43563
-1.79614
-0.282564
1.52741
0.577893
-0.133386
2.72689
0.362129
1.61526
-0.206225
0.916819
-0.619898
-2.5613
-0.726797
-2.21369
-2.28419
-1.82711
-0.265715
-1.44778
1.80404
1.4292
0.373442
0.152841
-0.3185
0.879252
1.06839
0.0714098
-1.77833
0.534152
-1.81848
-1.79561
-2.16674
-1.15792
-1.08156
-1.18943
-1.60297
-2.72837
-0.980857
-2.24729
-1.83293
-1.88451
-0.101194
-1.98613
-0.517782
-0.945835
-0.819442
-0.894117
-1.22101
-2.08613
0.893421
-1.56104
-1.45332
0.335649
-1.5817
-0.993218
-1.75511
-0.663537
-0.527676
-0.55359
-0.899467
0.379881
-1.37324
-0.801719
-1.55091
-0.697915
-0.995871
-0.58994
-0.76825
-1.5208
-1.86325
-2.28797
-1.99522
-1.53452
-2.13597
-0.716772
2.33997
-1.62356
-2.51903
-0.420143
-1.00789
-2.06332
-1.32233
-0.66551
-1.44878
-1.57527
-1.0935
-1.14518
-1.5584
-3.0915
-2.19414
-0.23227
-0.340908
-1.54634
-1.67438
-1.17277
-1.42116
-1.40942
-1.11239
-0.596679
-0.253864
-1.62156
-1.70879
-1.67577
-0.832458
-2.19142
0.230581
-1.01867
1.45166
-1.88852
-1.1742
-1.88535
-0.570476
-2.30082
-0.616255
0.19822
-1.28745
-1.19429
-2.62845
-1.37418
-1.56375
-1.38124
-1.64271
0.963174
0.307547
-0.374729
-2.12627
-1.53769
-1.74078
-1.65259
-2.06467
2.11435
-1.07438
0.832963
-0.911828
-2.44605
-1.88639
-0.453054
-0.59568
-1.16477
-1.1386
-1.50898
0.53619
-2.06924
-1.9532
-3.22539
-0.772185
-2.11289
-1.15932
0.353277
-1.29281
-1.11144
-1.64852
-1.16657
-0.860596
-0.145826
-1.3286
1.50248
-1.56379
-1.95608
-2.40013
-0.0728108
0.316497
-0.316611
-0.296826
-1.26696
-1.00203
-1.86318
-0.650142
-1.46585
-0.360762
-1.33381
-0.827513
-0.0881046
-0.782567
-2.26827
-2.32912
-1.17796
1.89121
-1.5477
-1.81503
0.201761
-2.30649
-1.46849
-2.54608
-1.15961
-1.2864
0.425647
-2.00291
2.27434
-1.95385
-1.82654
-1.92266
-0.243903
0.133063
-0.517908
