-0.91388
1.75479
0.0411312
-0.611474
0.54588
0.839035
1.98342
2.30571
-0.67958
-2.04888
-0.982236
-1.41827
-2.22078
-2.18817
0.861636
-0.926774
3.11044
1.1241
2.65349
0.650727
0.79465
1.14659
0.578338
6.79851e-05
-1.01438
-0.97059
-2.10876
-1.45279
-1.96735
-2.18185
-1.00037
0.618787
-0.840823
-1.11982
-2.37656
-2.31628
-0.839241
-2.11809
-0.301029
-0.00859736
0.805932
-1.83631
-1.27
-1.60335
-0.38367
-1.30934
-0.888616
-0.835175
-1.37211
-0.774825
-2.57386
-0.416562
-1.56552
-1.14965
-1.51601
0.0544435
-1.08339
-1.30787
-1.69524
1.28391
-1.56055
-1.74534
-1.85812
1.14796
1.7597
1.12458
-0.136268
2.29927
0.197591
1.29763
0.503248
0.955647
-0.552649
-1.63044
-1.56905
-1.07694
-2.11517
-2.35242
0.328191
0.256316
0.834383
1.7453
-0.0870822
0.862017
-0.0646272
0.762014
-0.313264
0.263288
-1.55949
-1.06306
-2.26247
-1.85188
-2.45428
-1.01269
-0.565085
-0.743256
-1.61643
-0.915329
-0.702391
-2.29878
-1.19974
-2.06395
0.274925
-1.70347
-0.136786
-1.93759
-0.350201
-2.17335
-1.97531
-1.98498
1.63451
-1.40922
-2.64216
1.64666
-1.10993
-0.227081
-2.10297
0.483011
-0.444678
-1.19192
-1.62171
1.08759
-1.47565
-0.697284
-1.91508
-0.56595
-1.39623
0.544172
1.07071
-2.03672
-2.14547
-0.37762
-2.17345
-1.65292
-0.536653
-1.51436
1.33112
-1.44086
-1.97741
-1.85371
0.677261
-2.0902
-0.455193
0.0397863
-0.630854
-0.27896
-1.49966
-0.532296
-1.62281
-1.5628
-1.90504
0.196837
-1.06932
-1.26551
-2.82654
-1.31474
-0.903482
-1.56869
-1.7599
1.1244
0.0736798
-2.00984
-2.1838
-1.72827
-0.986758
-2.12772
-1.04804
-1.06462
1.3304
-2.02577
-2.47787
-2.09617
-0.643719
-2.50811
-0.920972
-0.919537
-1.13504
-0.415252
-2.35202
-1.70262
-1.83907
-0.950465
-2.38934
-0.431559
0.0849869
-0.700989
-2.49379
-1.17587
-1.71097
-2.00305
-2.22242
0.856661
-2.16909
-0.55558
-0.476223
-3.03466
-1.89684
-0.732433
1.01181
-1.55
-0.602615
-0.965643
-1.32618
-2.30724
-1.63529
-2.05367
0.250628
-3.11901
-1.69923
0.521278
-1.57145
-1.5433
-2.38393
0.263099
-0.89683
-0.749992
-0.969277
1.79634
-1.37367
-1.05168
-2.06617
-1.47541
-0.711666
-1.26288
-0.829134
-0.632281
-0.216758
-2.46683
-1.68433
-1.56892
0.465756
-1.94713
-0.24392
0.00551546
-0.980533
-1.97145
-1.11266
-1.2463
2.22142
-1.88308
-2.09456
0.528531
-1.99125
-2.23417
-1.75614
-1.00275
-0.63493
-1.11923
-1.43554
2.14629
-2.03325
-2.11493
-2.13153
-1.30551
-1.66315
-1.43787
