1.03984
0.0576666
-0.278254
-1.41109
1.60086
0.529345
2.86916
3.33238
-1.73183
-1.81812
-2.00072
-1.92458
-1.07478
-2.96321
2.24784
1.63275
1.01577
2.091
0.202802
2.55455
1.28124
0.545588
0.0903071
0.445063
-2.39384
-0.743235
-1.01129
-0.666841
-2.4535
-1.24741
-0.79298
1.03233
-0.634762
-1.70767
-2.66286
-2.11519
-1.45448
-1.80938
-0.525935
-0.845596
-0.0505223
-1.5455
-1.748
-1.17068
-0.431542
-1.68005
-0.328752
0.0887663
-1.11845
-0.999192
-1.69163
1.11291
-2.24839
-1.52526
-1.81884
-1.09522
-1.03485
-1.46294
-2.11017
-1.08914
-1.55102
-2.7215
-2.38553
0.780928
1.33653
3.01421
2.77581
-0.348575
1.60364
-0.179946
1.11399
0.048276
-1.29114
-0.986797
-1.10897
-1.24192
-2.28543
-1.25411
2.11351
-1.45794
1.42229
1.70865
0.326292
0.0833953
0.843457
-0.00696374
0.275985
0.345564
-0.859961
-0.185378
-1.97391
-2.10223
-2.42347
-0.203942
-3.85179
-0.85629
-1.14881
-1.95756
-1.55162
-1.66179
-1.82092
-2.43877
-1.57079
-1.39436
-1.33252
-1.23464
-1.73205
-1.82148
-1.45203
-1.96425
1.5062
-1.29951
-0.553913
0.765351
-1.16996
-0.512142
-2.20972
-1.34502
-0.931873
-1.27703
-1.70767
0.0379369
-1.91113
-1.73386
-1.91633
0.301253
-0.900754
-0.477595
1.18384
-1.01638
-0.583181
-1.90807
-0.869738
-2.21559
-1.45959
-1.17318
0.866215
-1.06605
-1.26897
-1.4035
-0.824048
-1.60776
-0.695473
-0.297852
0.919187
-2.16002
-1.32085
-1.45961
-1.33811
-1.71122
-1.48494
-1.24529
-0.748088
-1.37014
-1.58937
-2.53559
-0.861898
-2.38299
-0.745875
-0.11215
-0.724618
-1.79844
-1.46599
-1.47661
-1.06208
-2.87868
-1.03112
-1.85201
1.69341
-1.96883
-1.37398
-1.76174
-0.988775
-2.05854
-0.513977
0.259594
0.829235
0.373309
-2.04255
-0.17746
-0.744117
-1.62121
-2.32977
1.49605
-1.81877
-0.964254
-1.92822
-1.29736
-2.37714
-0.445178
-2.02441
3.21762
-0.469144
0.635045
-0.0859588
-1.87351
-2.26088
-1.60563
1.19541
-1.96485
-1.64842
-1.37876
-1.58535
-2.48713
-1.86615
-2.80173
0.768777
-1.85203
-1.07322
0.361018
-1.30909
-2.41966
-2.12523
-0.106431
-1.46046
-0.809757
-1.58717
1.81045
-1.20122
-1.58329
-1.83621
0.565514
-0.273739
-0.646233
-0.506155
-0.445724
-0.988731
-2.28504
-1.14893
-1.39651
1.24009
-1.21722
0.120646
-0.937006
-0.706656
-2.22041
-1.66886
-2.27227
2.3902
-2.12864
-1.15879
2.12081
-1.54937
-2.08148
-1.9749
-1.35019
-1.31269
0.43224
-1.50871
1.89084
-2.13966
-1.64336
-2.0816
-0.569212
-1.90962
-0.454794
