-1.87844
1.54145
-1.39876
-0.794728
0.462883
0.126939
2.67419
3.00691
-0.962163
-2.72467
-1.5153
-2.61979
-1.67515
-1.91789
-0.646599
-0.197374
2.1176
1.81867
3.16031
0.509925
0.271968
1.68845
1.11013
0.430622
-1.62695
-0.657061
-1.91704
0.79704
-2.03151
-0.662028
-1.01978
-0.13522
-0.40977
-1.4406
-1.01948
-2.22801
-3.34938
-1.88157
-1.20687
-2.03043
0.284388
-1.24564
-1.61071
-1.83701
-0.28241
-2.07176
-0.574789
-1.15779
-0.533575
-0.695479
-1.70424
-0.634082
-1.30687
-0.622505
-1.24732
1.41696
-0.494117
-1.44186
-1.84863
-1.0374
-2.50435
-1.80721
-2.42145
1.25878
3.0577
1.85906
0.533778
2.32641
0.711575
1.34032
0.338948
1.97058
-0.998847
-1.70077
-0.818141
-1.59208
-1.6426
-2.19531
1.48926
-1.28564
1.69022
1.7389
0.756771
0.576199
-0.343272
1.10181
-0.958461
0.0371885
-1.44452
0.354003
-1.85328
-2.00725
-2.4936
-0.726605
-1.42307
-1.21704
-1.63867
-1.50336
-1.54052
-1.47674
-1.79449
-2.33648
0.917688
-0.754599
-1.98879
-2.1501
-0.672857
-1.19078
-1.39971
-1.99366
0.388666
-1.94176
-1.74905
0.319467
-1.84365
-1.24281
-2.18537
-0.112689
-0.85486
-0.645609
-1.44396
-0.174853
-1.82542
-1.15704
-2.17862
-1.57699
-0.216454
-0.653052
-0.902084
-1.23304
-1.77719
-3.27105
-1.95952
-1.43553
-1.73421
-0.592033
-0.295207
-1.05726
-1.86055
-1.72662
-0.563099
-2.25734
-1.65683
0.305317
-1.93366
-1.48383
-1.32492
-1.15597
-2.04877
-1.34297
-1.44882
-1.83344
-0.368518
-1.27993
-1.95918
-1.10681
-1.49662
-2.2487
-1.16743
-0.454145
1.07151
-1.74069
-1.73954
-1.05155
-1.70419
-2.49224
-0.600214
-0.948248
1.8004
-2.53371
-1.82912
-0.504082
-0.53759
-1.91516
-0.91623
-0.600754
-0.785767
-0.585515
-1.53376
-1.95152
-1.06669
-0.776418
-2.58711
0.00380538
0.265832
-0.543604
-2.11898
-0.227742
-1.52361
-1.06078
-1.96549
1.96241
-1.46814
0.0929668
1.01551
-2.06333
-2.02275
-1.68122
-0.459306
-1.90957
-0.50076
-0.736841
-0.890081
-2.18668
-2.06287
-2.02026
-0.240508
-1.98699
-1.91535
2.25663
-0.463424
-2.16154
-2.35951
-0.528261
-0.175149
-2.33929
-0.94301
0.143974
-0.805187
-1.82462
-1.42155
-1.32056
-0.618605
-1.13476
-0.883276
-0.172059
-0.74211
-1.95123
-1.20547
-1.19379
1.2166
-1.95852
-0.0136079
-0.118685
-0.773353
-1.47418
-0.688914
-1.43546
2.3366
-1.5651
-1.20126
-2.2466
-1.85736
-3.39233
-2.19301
-0.899489
-1.2856
-1.05629
-1.3551
2.20029
-2.2321
-2.24766
-2.28719
-1.80723
-0.814609
0.541823
