-2.44244
1.17261
-1.35835
-0.206655
1.11861
0.845935
2.85442
3.13479
0.950856
-1.18355
-1.81878
-1.625
-1.59104
-2.61229
-1.66746
-1.13658
3.10825
1.1651
2.89118
1.12146
0.43344
0.977713
0.965952
0.257732
-2.01644
-1.83234
-1.38625
-1.4615
-1.86195
-2.58391
-1.48077
0.494243
0.247901
-1.2686
-2.12233
-1.65809
-1.92188
-1.94198
-0.694038
-0.941148
2.31595
-1.60414
-1.49115
-1.8059
-1.81401
-1.78846
-0.53494
-1.14471
-1.93497
1.3081
-2.20653
1.26737
-1.59131
-1.04595
-2.39713
0.521215
-0.298177
-0.846434
-2.22385
0.518323
-1.59506
-2.12012
-1.88324
0.406828
3.01129
1.55208
-0.0267002
2.63529
0.789297
1.40454
-0.0276724
1.058
-1.80326
-2.66388
-2.12361
-1.96324
-1.03362
-0.549582
2.4658
-0.27385
1.7617
1.59427
0.356067
0.206804
0.0926892
0.900532
0.0883886
-0.478798
-0.783666
2.00874
-0.478192
-1.52717
-2.30074
-0.521287
-1.80539
0.200322
-0.591437
0.334835
0.0495489
-1.8644
-0.956772
-1.91095
0.00949412
-1.14416
-0.280521
0.0128961
0.0998912
-2.16025
-1.56728
-2.10361
0.773872
-1.30362
-1.42695
0.480562
-2.38117
-0.204515
-2.50266
-1.62152
-2.00421
-0.776795
-1.85536
1.60179
-2.04871
-1.61074
-1.4814
-0.355428
-0.87558
-1.17942
0.449527
-2.17472
-2.10583
-2.84183
-1.97625
-1.98695
-1.4101
-1.24753
-0.219007
-2.61727
-2.28375
-1.91117
-0.579332
-1.77452
0.0698577
-0.982224
0.414456
-1.18052
-2.30875
-1.32201
-0.701409
-1.3983
-1.74169
1.384
0.0162266
-1.60273
-2.16567
-1.27866
-0.910951
-0.768672
-0.875352
0.200755
2.30871
-1.78594
-1.19959
-0.976873
-0.00898393
-1.98302
-0.2757
-0.0572472
1.98972
-1.28875
-1.93362
-1.58393
0.209445
-1.59945
0.180563
-0.543618
0.700491
-1.38854
-2.10506
0.0422236
-1.41382
-1.60833
-2.01895
-1.90128
0.122915
-0.882944
-1.53439
-0.446321
-1.30617
-1.60314
-1.15741
2.08393
-1.16202
-0.160264
-0.952305
-3.01329
-1.16001
0.34882
1.50037
-0.605804
-0.249375
-1.20721
-1.17806
-2.03375
-1.5829
-1.99105
-0.527181
-1.58559
-1.70719
-1.44156
-0.627896
-1.42157
-2.49776
-0.386177
-1.18057
0.331676
-1.65241
1.22661
-1.35314
-0.885026
-2.19697
-0.930468
-0.708042
-0.206087
-0.877362
-0.04015
-0.75603
-2.36092
-1.96997
-0.771878
0.382367
-2.03805
-1.04481
-0.0345479
-1.69467
-1.74123
-2.17645
-1.36531
2.61934
-2.03037
-2.60286
0.0628908
-1.88792
-2.43296
-2.00654
-0.501808
0.814366
-0.320175
-1.44149
1.73477
-1.4665
-2.00275
-2.24057
-1.54825
-0.868967
-1.3265
