-2.3576
0.902289
-0.163934
-0.988661
0.506673
1.47328
3.09029
2.42551
0.193774
-2.15767
-1.84009
-1.0836
-1.69359
-2.50637
-0.411595
-0.268336
3.22739
1.44957
3.00517
0.196477
0.116146
1.71295
0.766379
1.28267
-1.79578
-0.682747
-2.06179
-2.68235
-1.56847
-2.39574
-0.3498
2.50681
-0.160864
-2.41677
-1.10605
-1.45294
-0.590762
-2.3023
-1.77024
-0.905218
2.23454
-1.99613
-1.15777
-1.53488
-1.06336
-2.56795
-0.631513
-0.137642
-1.84819
1.21314
-1.56822
2.16795
-1.88959
-1.72652
-1.11552
-0.0839642
-0.757247
-1.35098
-2.32793
-1.37391
-2.52223
-2.63284
-2.14041
-1.01099
2.7686
1.28781
0.288781
2.65129
0.278782
1.43895
-0.221858
0.993716
-0.491712
-0.411536
-1.9162
-1.74827
-0.0492964
-0.958804
0.438824
-0.868698
2.14724
1.74062
0.389007
0.48695
0.565751
0.885068
-0.0677676
-0.00485549
-2.86607
-1.66629
-2.73173
-2.87419
-2.14919
0.664343
-1.57411
-0.219883
-1.34769
-1.00603
-0.531555
-1.46557
-2.3599
-2.24551
0.200049
-2.35082
-0.276105
-1.09046
-1.39112
-2.66683
-1.38677
-1.50167
2.42922
-0.983095
-1.14455
1.81446
-0.826013
-0.742886
-1.49845
-0.998443
-1.16697
-1.59563
-1.14372
1.17463
-1.52093
-1.15674
-1.82667
-0.521754
0.348586
0.123478
1.37204
-1.90451
-2.1569
-2.53943
-0.571399
-1.52614
-0.377244
-1.38189
0.0364366
-1.42273
-2.07052
-1.63337
0.0330555
-2.15998
-0.651824
-0.604422
0.552093
-0.964529
-1.24135
-0.907957
-0.912681
-2.36487
-1.94087
0.574458
-0.636314
0.0538953
-2.50717
-0.413038
-1.50536
-2.02195
-1.16295
-0.201521
1.3042
-1.20225
-0.913797
-1.45857
-0.146777
-1.49413
-1.39636
-2.17445
1.63388
-1.51436
-1.45817
-1.71164
-0.530635
-2.58145
-0.409569
0.488157
-0.429861
-0.241621
-2.44051
-0.716201
-0.93474
-1.22438
-1.70439
1.94578
-0.467211
-0.395152
-2.54491
-0.64841
-1.77317
-2.22404
-1.84102
2.46089
-0.662441
1.98071
-1.26482
-1.70101
-1.04632
-1.40875
0.891766
-1.02936
-1.17004
-0.750585
-0.99525
-2.49117
-2.07664
-1.02753
-0.213473
-2.85743
-1.38049
0.78098
-0.70872
-1.21358
-1.79618
-0.421821
-0.105305
-0.770224
-1.30486
1.55239
-1.20063
-1.77515
-2.64026
-0.625617
-0.791081
-0.588672
-0.470215
0.009462
-0.975003
-2.02139
-0.968153
-0.381112
0.354247
-0.686464
-0.421608
-1.33781
-0.517271
-1.69407
-1.4797
-1.70401
1.4039
-2.53223
-2.10444
-0.170101
-2.9688
-1.97747
-2.00217
0.192442
-1.32735
0.362791
-2.07291
2.37657
-1.95506
-1.52381
-2.50253
-0.712357
-0.927718
-0.935096
