0.0385266
1.16096
-1.75273
-1.52838
0.811238
1.50138
1.35596
2.77028
0.0348318
-2.57546
-0.706215
-1.93499
-1.40006
-3.16066
-0.169552
1.78516
2.99946
0.701091
2.17882
0.350954
0.624021
1.62061
0.789762
0.397707
-0.846102
-0.869918
-1.22213
-0.0718639
-1.11753
-1.85473
-1.28178
0.998188
-0.976377
-1.46435
-1.93918
-1.4203
-1.03162
-2.5633
-1.34731
-0.590979
0.26571
-0.978198
-1.94485
-2.91838
-1.33608
-2.14901
0.226383
-1.1088
-1.31894
0.652387
-2.97843
0.427829
-2.11275
-1.97031
-1.55651
-0.18434
-0.778668
-0.654213
-1.75009
-1.33459
-1.74591
-2.46112
-2.19199
0.638454
2.81457
1.11303
-0.306226
2.0916
0.393379
1.31669
0.538548
0.406481
-1.46767
-0.305244
-1.93117
-1.41516
-1.96657
-1.44152
1.50596
-2.11556
1.50015
1.49179
-0.0589447
0.186426
0.344754
1.00535
-0.75937
0.504069
-1.63068
0.211013
-1.50917
-1.67098
-2.4575
-1.3439
-1.53778
-4.05737
-2.28909
-2.12444
-1.40906
-1.89181
-1.23371
-1.87876
0.676614
-1.51751
-0.747038
-0.680161
-1.15802
-2.03544
-1.28009
-1.85671
0.868596
-1.27763
-0.93628
-1.45724
-1.58314
-1.11051
-2.11206
-1.35462
-1.37316
-1.18626
-1.28776
0.0413918
-1.0525
-1.30244
-1.97479
-0.818898
-0.197151
0.000944705
-0.109651
-0.442761
-2.84006
-1.86704
-1.04477
-1.40275
-1.96259
-1.15539
0.193361
-1.22557
-2.26222
-1.49272
-0.344933
-2.258
-1.70764
-1.80022
-0.902269
-1.60088
-2.08882
-1.25166
-1.51184
-2.37253
-2.06255
0.148529
-0.796814
0.307408
-2.44515
-0.724936
-1.86375
-1.36488
-1.02214
0.334281
-0.724205
-2.22661
-0.87045
-0.833592
0.451402
-1.59773
-0.57863
-0.463192
2.125
-1.6447
-1.20851
-1.78659
-1.74807
-1.90304
0.161862
-0.629604
-0.191015
0.147352
-2.48948
-0.302594
-1.12867
-1.23542
-2.07891
0.787691
-0.781913
-0.518803
-2.18966
-0.446551
-2.01075
-1.96919
-1.14191
2.58925
-1.28479
-0.567418
0.626411
-2.14489
-0.71276
-0.839968
-0.0348235
-1.75311
-0.643786
-0.605525
-0.447476
-2.36178
-1.26676
-1.95416
-0.149622
-1.94218
-1.87098
0.578911
-1.07738
-1.65157
-1.33327
-1.10212
-0.494175
-0.616989
-1.44553
-0.0455038
-1.28652
-1.0061
-2.23011
-0.114232
-1.07478
-1.11445
0.886726
-1.16615
-1.49778
-1.54754
-0.193135
-1.70862
2.27165
-1.90918
-0.191172
0.103913
-0.603422
-2.19065
-1.86854
-1.08924
2.48293
-1.95884
-2.97035
0.533983
-2.57053
-1.0196
-2.17766
-1.29881
-1.46757
-0.581148
-1.77579
2.28507
-2.21563
-1.75479
-1.75949
-0.962531
-0.31222
-0.675386
