-1.5216
3.57291
-1.46906
-1.98968
0.409438
1.23563
2.54428
2.65312
-1.21586
-2.42264
-1.16981
-1.89401
-0.624185
-2.33427
-0.0284276
0.0620088
2.5735
1.28663
3.01881
0.0268944
0.435673
0.996782
1.98383
0.910755
-2.48426
-1.13822
-1.29698
-1.32759
-1.39566
-1.55607
-1.69827
-0.465833
-1.22463
-1.91614
-2.37092
-2.09998
-2.19381
-1.79999
-0.949288
-1.87165
0.0889838
-1.61148
-1.12889
-1.62678
-1.81507
-1.99497
-1.17849
-1.09737
-1.63001
1.4496
-2.79724
-0.411641
-2.41782
-1.30151
-2.33862
1.95273
-0.510968
-0.888068
-2.44981
-1.02484
-1.402
-2.18356
-1.37453
1.73749
2.03999
1.72628
0.595751
3.40695
1.00697
1.22701
1.03388
0.871778
-1.44992
-1.33572
-1.78299
-1.90295
-1.78688
-2.00919
-0.142747
-1.70749
1.00769
1.16536
0.33616
0.185361
-0.221807
0.907283
0.669442
0.343049
-1.87518
-0.911572
-2.04191
-2.28351
-2.13851
-1.67358
-1.4846
-1.05589
-2.16974
-1.36991
-0.783423
-1.18516
-0.89437
-1.20472
-0.98717
-1.38633
-0.606815
-1.33595
-1.03679
-2.71777
-1.41527
-2.29382
1.30254
-1.3702
-1.94088
3.10882
-0.861339
-1.0989
-2.19272
-1.24753
-1.16974
-1.41625
-1.43817
0.815513
-1.95661
-1.3648
-1.71625
-0.621732
0.711078
-0.652069
1.4233
-1.52723
-0.586956
-2.19675
-1.12497
-1.44473
-0.42308
-0.627836
0.0859507
-1.52641
-2.1625
-0.470484
0.66237
-2.09918
-0.59317
-0.2356
-0.834026
-0.805622
-2.10642
-0.296391
-0.692948
-1.28604
-1.516
1.50437
-0.570257
-1.65562
-2.32185
-1.55908
-1.36786
-2.39807
-2.02877
0.0999602
-0.436517
-1.71437
-1.09937
-0.566967
-0.512521
-2.07622
-0.874663
-1.02863
1.88266
-1.42401
-1.33722
-2.37046
-0.594628
-2.40743
0.229611
-0.167452
-1.51873
-0.402978
-1.69997
-0.367436
-1.60833
-0.749943
-2.24825
-1.43201
-0.472721
-0.181018
-1.55119
-1.97353
-1.76791
-0.7163
-0.403931
2.00537
0.387005
-0.012344
-0.603896
-3.42431
-1.62059
-1.56088
-0.369465
-1.92966
-0.554012
-0.517304
0.938678
-1.95532
-2.11835
-1.7426
0.381497
-1.66993
-0.862562
0.222377
-1.55764
-1.15657
-2.25016
-1.01843
-0.703682
-0.641672
-1.22301
-0.53893
-1.27916
-1.51348
-1.96624
-0.0928553
-1.03811
-2.04743
-1.17701
-0.55284
-1.99871
-2.07052
-1.95961
-1.31052
1.20336
-2.2901
-0.781758
-1.22668
-0.721879
-2.59621
-1.69828
-2.22442
1.76579
-1.96799
-1.70618
-1.45584
-2.16671
-1.74743
-1.86809
-0.961986
-1.41807
-0.982621
-0.970162
2.50893
-1.84401
-1.50484
-1.93333
0.557863
-0.117837
-0.204021
