1.19479
-1.21786
0.0239491
-0.105704
0.81015
0.195485
1.04597
1.86693
0.0654967
-2.45369
-1.55198
-1.54025
-1.07732
-2.77249
-0.172763
0.66054
1.14847
2.70648
-0.0667284
3.04477
1.83123
0.234183
0.560478
2.0557
-1.56722
-0.948866
-1.74639
-0.924472
-1.82826
-1.3541
-1.53041
-0.34793
-0.73314
-1.81398
-2.20301
-2.59137
-2.10232
-1.75332
0.018667
-1.24491
0.48184
-0.739446
-1.25611
-0.432483
-1.05757
-2.44895
-1.87746
-1.0226
-1.98389
-0.163501
-2.23144
-0.138266
-2.1801
-1.61564
-1.18974
-0.0278131
-0.895939
-0.578644
-1.85755
-0.126093
-1.2967
-2.14146
-2.43955
-0.727896
0.889322
2.8933
2.98486
0.449522
1.37388
0.29072
1.23158
0.79278
-0.447795
0.441304
-1.31933
-1.54229
-1.76146
-2.01461
0.701235
-0.849569
1.53503
1.35609
0.0308581
0.336772
0.906549
0.0965646
0.0358607
0.434003
-0.373306
0.701626
-1.4835
-1.80675
-2.14791
-0.663101
-1.0443
-0.378252
-0.940572
-0.881776
-2.20563
-1.6515
-1.01426
-2.71997
-1.63607
-1.55128
-1.20211
-1.34977
-0.967741
-2.22526
-1.12932
-1.80076
-0.993241
-1.30276
-1.51973
0.664478
-1.31254
0.0468406
-2.97482
-0.389849
-0.467401
-1.52165
-1.349
0.846697
-2.0896
-1.31428
-2.35281
-1.16006
0.520937
0.0998409
0.894787
-1.5838
-1.26232
-1.51678
-1.7467
-1.75648
-1.77762
-1.38609
1.28906
-1.29838
-1.48007
-2.02058
0.548444
-2.43699
-0.608672
-0.338329
-1.00877
-1.96194
-2.48283
-0.714398
-0.713543
-2.35811
-1.66201
-1.04852
0.0266357
-0.652784
-2.33345
-1.05352
-2.04686
-2.35171
-1.28284
1.8331
1.99551
-2.51724
-0.719654
-1.83315
0.436769
-2.71147
-1.3728
-0.928831
1.65312
-2.38549
-2.65254
-2.65937
-0.579122
-2.24874
-0.613617
-0.945027
-0.896529
-0.142388
-1.96555
-0.799757
-1.44421
-0.702125
-0.916099
-0.114261
-1.52023
-0.750092
-2.52627
-1.44173
-1.97202
-2.19408
-2.07029
1.52892
-1.29334
1.03901
0.708292
-1.80427
-2.7183
-0.166558
0.554371
-1.82412
-0.891384
-1.49162
-0.396702
-2.50928
-1.45172
-2.22194
-1.34796
-2.72273
-1.53109
0.105286
-0.0330022
-2.82552
-1.50295
-0.219905
-0.927781
-1.5969
-1.86856
0.586715
-1.42018
-2.17825
-2.16077
-0.85109
-0.437777
-0.701845
-1.19731
-1.53604
0.3596
-2.32589
-1.74606
-0.977706
1.16087
-1.72937
-0.0693497
-1.17682
-1.16601
-2.03995
-1.15473
-2.3356
1.50042
-1.75044
-2.27104
3.09796
-2.75401
-2.02231
-1.94812
-1.15326
-0.373009
-0.723122
-1.90263
0.938839
-1.6587
-1.93581
-1.88281
-1.41895
-1.79935
-0.471974
