-2.00652
1.00883
-1.80848
-0.68514
1.14061
1.01537
2.60333
2.35456
-0.336777
-1.93538
-2.2002
-1.48361
-1.5244
-2.48677
-1.31049
-1.20869
2.98115
1.46318
2.05046
0.184229
0.374337
1.57843
1.421
-0.200111
-1.41402
-1.51606
-1.74571
-0.326872
-1.95917
-1.2108
-0.974422
0.350351
0.852726
-0.437944
-2.09929
-0.387067
-0.906628
-1.59072
-2.71552
-2.19754
0.122381
-1.51889
-1.50962
-2.29158
0.0606595
-2.13063
-1.04277
-1.45373
-1.34672
0.278911
-2.29441
-0.469819
-2.16223
-2.22991
-2.44247
-0.181065
-0.830483
-0.830675
-2.58837
-1.86963
-1.56812
-0.325356
-2.52773
-0.285212
2.11737
1.59099
0.123785
2.69511
0.533455
1.52951
0.50509
2.07007
-1.45446
-1.75536
-0.0393342
-1.15001
-2.37871
-1.37907
0.899264
-1.42585
0.821447
1.41361
-0.007054
0.916031
-0.502781
1.10613
-0.125488
0.111062
-1.4079
-1.20628
-1.62645
-0.97368
-2.19859
-0.706475
-0.995192
0.791129
-0.649044
-1.35278
0.0539961
-1.71883
-1.28589
-2.3601
0.167964
-2.61108
-1.79128
-1.46576
0.0103159
-2.71474
-1.49251
-1.76026
0.950023
-1.09178
-0.219364
-0.0988006
-1.56098
-0.819234
-2.00825
-0.242668
-1.28702
-1.60042
-0.959318
1.50711
-2.52015
-1.3377
-1.40371
-0.0866419
0.311808
-0.140672
-0.0234586
-1.39301
-1.75007
-2.79989
-1.24571
-1.99096
-0.690072
-0.646725
0.132922
-1.38525
-2.10498
-0.747943
-0.683331
-2.61462
0.56245
-1.45789
-1.22698
-1.38409
-1.06529
-0.412508
-2.02352
-1.25559
-1.37413
-0.146995
-0.396425
-1.18731
-2.05947
-1.52988
-2.37625
-2.69533
-1.11502
0.934501
0.276531
-1.36088
-1.37943
-0.547316
-1.19457
-2.21312
-1.82005
-0.575115
1.62817
-2.30198
-2.77044
-2.09115
-0.244432
-2.23649
0.235866
0.437937
-0.269522
-0.0404978
-2.24816
0.319203
-1.4992
-1.28973
-1.76708
0.590717
-0.446551
0.00531498
-1.86475
-0.947651
-1.00884
-1.70261
-1.75345
2.48058
-0.932948
-0.331312
-0.683328
-2.21271
-2.00125
-1.40533
0.266144
-2.09615
-1.84285
-1.10388
-0.819872
-1.7287
-0.711421
-1.89508
-0.508116
-2.09329
-1.79655
0.622918
-0.126342
-2.0916
-1.99084
-2.41191
-0.00318503
-0.672304
-1.87248
-0.660537
-1.16122
-1.62579
-1.91312
-0.787379
0.524817
0.0563612
-1.23668
0.0572894
-0.980219
-2.05067
-1.95675
-1.46894
0.251999
-2.16562
0.121479
-1.99645
-0.842024
-1.98062
-1.48474
-2.46946
2.96238
-1.84183
-1.80003
0.175009
-2.43981
-2.78729
-2.82559
-0.794769
-1.63395
-0.536765
-1.86219
1.13834
-1.3187
-1.68857
-1.51407
-1.71932
-0.668956
-1.22764
