2.53288
-0.0752955
-0.948068
-0.146141
0.909753
0.146071
3.34137
2.46319
-0.833765
-1.81576
-2.11959
-1.69864
-0.9827
-2.41828
-0.195776
0.74339
1.43995
2.42611
0.264824
3.25037
1.71722
0.656051
-0.00621538
1.11762
1.1126
-0.44455
-2.23168
-0.317181
-1.55114
-1.75916
-1.43013
1.34991
-0.272356
-2.29419
-2.06883
-2.25573
-0.858541
-2.04385
-0.807778
-1.47974
-0.101096
-0.999008
-1.43737
-1.83883
-1.28598
-2.40035
-2.66677
-1.60862
-1.25323
2.08285
-1.95643
-0.0629638
-2.1301
-2.26219
-2.3299
-0.0350036
-1.74455
-1.54614
-2.4921
-1.52586
-2.32794
-2.81838
-2.69826
-0.820842
1.46616
2.60661
1.3587
0.487958
1.37478
0.103056
0.662853
0.682216
-0.976782
0.953205
-0.70235
-1.9179
-1.39623
-1.7404
-1.02794
-0.76009
1.56524
0.873426
-0.042505
0.674825
1.01504
-0.662396
0.0141327
0.479032
-1.30727
-1.40936
-0.928035
-2.80914
-1.49521
-0.0601065
-0.477806
-0.96284
-1.40151
-1.33858
-1.45733
-1.62924
-1.34663
-2.44398
0.926825
-1.80343
-0.185398
-0.679775
-0.556709
-2.50363
-1.28847
-1.58613
-0.647909
-1.69743
-2.18514
-0.734049
-1.90285
-1.15786
-1.82737
-1.30278
-0.879618
-1.17595
-1.13517
0.979184
-2.4205
-1.48299
-2.04513
-0.76261
-0.321142
0.010663
1.49985
-1.7412
-1.62175
-1.86837
-0.572341
-2.07728
-0.591426
-0.964739
-0.507633
-1.04168
-1.84345
-1.26346
-1.42674
-1.47963
-1.09931
-1.43575
-1.91926
-0.890397
-2.2877
-2.10515
-0.803908
-2.82672
-2.16302
1.21231
-0.605223
-0.270806
-1.91272
-1.10695
-1.47885
-1.72426
-0.728849
0.0779718
2.18824
-1.9711
-0.710734
-1.87772
-0.579057
-2.26765
-2.51152
-1.16637
1.01575
-1.10527
-1.47983
-1.42536
-0.0866112
-2.06559
-0.846181
-0.377301
-0.836527
-0.363201
-2.15958
-1.36648
-1.44114
-2.60706
-1.57446
1.08439
-1.35588
-0.253357
-2.21061
0.0380827
-2.32812
-1.67108
-2.34786
1.45406
-1.71014
-0.15645
0.123171
-1.75087
-1.16488
-1.3039
0.0676342
-1.86849
-1.23591
-1.47707
-1.6407
-1.4627
-2.58521
-1.83028
1.73127
-0.941485
-0.807035
-0.868162
-0.331551
-2.38214
-2.42566
-0.718946
-1.29073
-0.444898
-1.54861
0.532166
-1.45676
-0.998668
-2.05992
-3.03023
-1.04327
-0.100997
-0.85379
-1.23331
-0.84677
-1.52955
-1.13967
-1.50813
2.28126
-2.24904
-1.01685
-0.701899
-1.19299
-2.06569
-1.70848
-2.04688
1.63689
-0.685444
-2.02254
2.40733
-2.57083
-2.40047
-2.63627
-1.1906
-1.21188
-1.45515
-2.13978
2.28219
-2.02102
-2.18551
-2.0284
0.020784
-0.998544
-0.337826
