2.12406
0.17418
-0.341301
-1.26768
1.90036
0.48309
2.39362
2.72063
0.289387
-0.657369
-2.53832
-1.93113
-0.753097
-1.54786
0.00509516
0.0278428
1.0043
1.54262
-0.106056
2.20677
1.22475
0.524979
0.36137
0.602202
-1.15876
-0.952029
-1.81006
-1.51292
-1.20538
-1.04375
-1.15702
1.26393
-1.81281
-1.88538
-1.8764
-2.99165
-1.77302
-1.95143
-0.244828
-1.72443
1.50596
-1.02196
-1.79021
-1.25302
-0.662892
-1.69007
-2.39539
0.321652
-1.62035
0.892359
-1.8432
0.0753693
-2.04693
-1.0408
-1.51194
1.28124
-1.34503
-0.484462
-2.62035
-0.800128
-1.73612
-1.92534
-2.08514
0.940394
0.942863
2.59064
2.31201
0.376701
1.26845
0.0306331
1.21024
0.671402
-0.712411
-1.56489
-1.76784
-1.29576
-1.38585
-2.27228
0.792818
-0.999371
1.44051
0.851771
0.553072
-0.0109006
0.900681
0.369016
-0.11796
-0.0874502
-0.710538
-2.04541
-1.57277
-1.873
-2.08858
-2.35186
-3.04544
0.407856
-0.8562
0.206703
-1.1186
-1.70249
-1.02643
-2.5749
-0.733711
-2.13542
-0.581001
0.651461
-1.18777
-1.43859
-1.36143
-1.68402
1.79261
-1.18215
-1.61751
0.905493
-1.21545
-1.02055
-1.78953
-0.0119784
-2.07617
0.0759808
-1.76037
1.66208
-1.46229
-1.07885
-2.15455
-1.87496
0.198329
-0.437681
-0.197458
-1.33483
-2.40135
-2.18619
-1.70719
-2.17996
-2.13166
-0.646119
1.20556
-0.819882
-1.67882
-1.36346
0.00594471
-1.79565
-0.818129
-0.502907
0.0178805
-0.808467
-1.51907
-2.25833
-1.29501
-1.9492
-1.21275
0.378784
-1.28212
-2.90054
-1.85241
-1.15586
-1.26266
-1.29675
-1.15321
0.208062
-0.232308
-1.05665
-1.40528
-1.02945
-1.91001
-2.2131
-0.702566
-1.34664
1.73421
-2.35737
-2.26345
-2.73275
0.335802
-2.43669
-1.41007
-0.72911
-1.02177
-1.66084
-1.74242
-1.11086
-0.879425
-1.31966
-0.982714
0.562214
-0.459369
-1.64381
-1.42082
-0.232248
-1.06393
-1.96186
-1.50647
2.81132
-0.958051
-0.0812203
-0.361378
-2.93891
-1.70053
-1.87626
0.702204
-1.59486
-1.46598
-0.524463
-0.0778302
-2.34919
-1.61365
-2.76569
1.24827
-2.4386
-2.0272
0.143725
-2.01215
-2.06284
-1.95144
-1.99188
-0.0226941
-1.22485
-1.1592
0.432273
-1.46974
-2.44709
-1.89681
-1.65852
-1.5772
-0.662935
0.591176
-0.0424716
-0.378849
-2.42674
-1.94059
-1.05471
-1.10258
-2.23856
-0.41923
-1.27076
-1.48331
-2.30619
-1.66348
-1.58873
2.25911
-1.27392
-1.24718
3.359
-1.45711
-1.53681
-2.00865
-0.626932
-0.326588
0.373906
-1.87803
2.01134
-1.8284
-1.77108
-1.50063
-1.52602
-0.51439
-1.04414
