0.102027
3.50919
-1.31489
-0.350666
0.730873
1.46706
1.46283
3.14902
-0.738402
-0.980528
-1.55484
-1.94208
-0.559645
-2.40385
-0.157454
2.03189
2.21797
0.948145
2.11742
0.147872
0.15398
1.32252
2.75184
-0.111672
-1.05206
-1.88979
-2.10022
-1.80801
-1.04129
-1.36142
-1.17502
0.376196
-1.37191
-1.18801
-2.12651
-1.71085
0.879162
-1.73821
-2.31594
0.128602
2.29406
-1.377
-1.16773
-1.22794
-0.940338
-2.51313
-0.861278
-0.930785
-0.561579
-0.344704
-2.37453
0.562892
-0.103673
-2.15848
-1.89601
1.4881
-0.940107
-0.618479
-1.42835
-0.735042
-1.88104
-1.7485
-1.94217
1.61816
2.63605
1.19769
-0.135919
3.14786
-0.0588026
1.23625
-0.42435
2.17356
-1.26201
-0.567191
-1.04203
-2.24288
-0.707277
-1.82502
1.0923
-2.37396
1.06581
1.72911
-0.0532107
0.954459
-0.0803764
0.760433
1.41601
-0.907946
-2.50459
0.956901
-2.34401
-2.17601
-2.06069
-1.38539
0.0695236
-0.553119
-1.52413
-1.27868
-2.88462
-2.14853
-1.65656
-1.33623
-0.698789
-1.57994
0.201347
-1.19225
0.627248
-1.9802
-1.62165
-1.35221
-0.348253
-1.401
-2.60782
1.95075
-1.87052
-0.815141
-1.6376
-1.51614
-1.09324
-0.928538
-1.46281
-0.709569
-2.19648
-1.07688
-2.3612
-0.996667
0.729523
-1.13458
0.28812
-2.0084
-1.41709
-2.35768
-1.04253
-2.48855
-1.83668
-0.616419
-0.906394
-2.06293
-1.88108
-1.42384
-0.170975
-2.31243
-0.147759
-0.48385
-2.4004
-1.83643
-2.07056
-1.03235
-1.64331
-1.9897
-1.87375
0.612768
-0.544242
-1.34216
-1.86545
-1.04822
-1.29286
-1.27704
-1.52201
1.20771
0.505322
-2.48059
-1.36061
-1.35911
-0.62451
-1.5421
-0.919784
-1.2668
1.90437
-1.64507
-1.46421
-1.64967
-0.701102
-2.03325
-0.72765
-0.811787
-1.12479
-0.0999113
-2.26806
0.791371
-1.72708
-1.00498
-2.48916
1.96015
-0.58496
-0.532732
-2.30543
-0.252363
-1.46223
-1.54716
-1.25064
2.20211
0.00547923
0.395274
1.55706
-2.06392
-2.10699
-1.24284
0.214342
-1.25172
-1.17267
0.206544
-0.0921294
-1.33141
-1.84549
-1.99399
-0.674411
-2.13068
-1.47708
-0.334135
0.0609769
-1.80068
-2.66312
-0.86599
-1.4772
0.0417736
-1.40221
1.31667
-0.813801
-2.56922
-2.36986
-0.430117
-1.41151
-1.577
-0.285368
-1.28991
-0.862482
-1.98288
-1.34231
-1.14491
-1.19031
-1.67187
0.401542
0.363771
-0.0642245
-2.14849
-1.92854
-2.11219
2.12341
-1.48892
-1.93056
-0.0893863
-2.80668
-0.636431
-1.64866
-0.429628
-0.260493
-0.908773
-0.557578
3.30712
-0.85744
-1.56645
-2.38436
0.55257
-0.157129
0.638611
