-0.552214
0.608536
-1.38563
-1.17048
0.89011
0.575559
3.26081
2.5586
1.68176
-1.93143
-2.36334
-2.27818
-0.977008
-2.81863
-0.0687419
0.0296481
2.79737
1.06663
2.89842
1.04496
0.352667
0.934691
1.72104
0.369849
-1.56212
-0.450944
-1.89507
-2.80096
-1.66391
-1.4272
-0.254119
-1.49293
0.721606
-2.4224
-2.16019
-2.13441
-1.59505
-1.74781
-1.21332
-1.35282
-0.201122
-2.11701
-1.10888
-1.66175
-1.31536
-2.35496
-1.44937
-0.684263
-1.44699
-0.369581
-2.77844
1.53061
-2.07115
-1.30375
-0.763977
0.330407
-0.320027
-1.58522
-1.78543
-0.67691
-2.70751
-2.59209
-3.55247
2.14729
2.68538
0.476486
0.466473
3.09932
-0.167825
1.51205
0.488238
0.739164
-1.51714
-0.30187
-0.94596
-1.22978
-1.86994
-2.08367
-0.611102
-1.09932
0.8266
1.69631
0.394648
0.417101
-0.298271
0.96885
-0.804886
-0.0575395
-1.75966
0.00245765
-1.4045
-1.24616
-1.83462
-0.821618
-0.754584
-0.651892
-1.46925
-1.48734
0.628461
-2.28195
-1.35153
-1.93467
1.09891
-3.32888
-0.443336
-1.01069
0.223
-2.02715
-1.68786
-1.25572
1.35554
-1.71747
-0.686671
-1.16765
-1.70399
-1.39709
-1.93911
-1.81063
-1.37795
-1.09413
-1.01633
-0.966851
-1.85182
-1.37812
-2.07918
-0.518973
-0.67432
-0.231324
0.693187
-1.7434
-1.55902
-2.35879
-1.46617
-1.99549
-1.61889
-1.82512
-0.102662
-0.431009
-2.82622
-1.45989
-1.84533
-1.87093
-1.41576
-1.16328
-1.35161
-1.38385
-1.35627
-2.82216
-1.50862
-1.35934
-1.05773
1.00217
-0.121051
-0.506954
-2.13171
-0.333533
-0.590923
-0.789533
-1.29939
1.76785
0.550143
-2.04816
-1.13323
-1.57523
-0.24698
-2.37136
-0.373239
-1.01221
1.92818
-1.70925
-2.13063
-1.43305
-0.538593
-1.68984
-0.837243
0.0418957
-0.873456
-1.5979
-2.12818
-1.07035
-1.29205
-1.49978
-2.53785
1.33778
-0.868525
-0.52589
-2.25956
-0.88206
-2.27723
-1.21038
-2.02732
2.3808
-0.13539
2.05758
0.988246
-2.85309
-0.722178
-0.243666
0.165285
-2.27341
-0.300132
0.348585
-1.22753
-1.84782
-1.8846
-2.21035
-0.490219
-2.22794
-1.70254
0.0160334
-1.25954
-0.912773
-2.87682
-1.15806
-1.28244
-1.01244
-1.56961
-0.103875
-1.84821
-1.48608
-2.06679
0.219501
-0.308032
-0.264279
0.44952
-2.53358
-1.97634
-2.5622
-1.25219
-1.21937
1.0853
-1.68126
-0.142998
-1.06783
-0.989264
-1.84597
-2.67644
-1.98567
1.29
-1.87562
-2.00408
-0.99692
-1.75004
-2.23793
-2.02677
0.182854
-0.243367
0.882594
-2.30063
1.9643
-2.02214
-0.965254
-2.10812
-2.09119
-1.20152
-1.25341
