-0.896182
3.16056
0.143235
-0.430521
0.907307
1.05549
2.18916
2.10852
0.403334
-2.11508
-1.16051
-1.22803
-0.606842
-1.8985
0.305477
2.90223
2.03579
0.705053
2.84787
0.422237
0.245855
1.45733
1.70455
0.159454
-1.37271
-0.883009
-1.77869
-1.16838
-1.83805
-0.781482
-0.743837
0.567703
2.46914
-2.15784
-1.52375
-1.80784
-1.29982
-1.92827
-1.09143
-1.41032
0.111753
-1.62806
-1.81505
-1.41947
-0.880042
-2.3248
-0.991622
-1.57219
-0.620423
-0.150762
-2.1967
0.739685
-1.21296
-0.458271
-2.27214
0.131656
-1.17156
-1.7168
-2.57096
0.741675
-0.990354
-2.48378
-1.42966
0.633889
3.21469
1.0053
0.990942
2.33189
0.391013
1.82788
-0.244846
1.58904
-1.58724
0.125753
-0.375252
-1.49494
-1.71163
-0.930201
0.414056
-1.39223
0.618999
1.37979
0.582084
-0.111537
0.0578341
0.841608
0.486553
-0.0434193
-1.95548
1.51805
-2.18206
-1.18791
-2.51539
-1.52796
-2.76057
0.26306
-1.63276
-0.048296
-0.701855
-1.81217
-1.40041
-1.35392
1.14527
-1.20642
0.0740739
-0.0213909
-1.64662
-1.97798
-1.49419
-2.327
0.484229
-1.0034
-2.09905
0.395221
-1.19602
-1.81455
-2.56943
-1.07289
-0.816027
-0.205169
-1.15536
2.3064
-0.974962
-1.61575
-2.5555
-0.493727
0.447852
-0.275399
2.53781
-1.83368
-1.07919
-2.27639
0.734453
-1.20136
-1.51169
0.366706
1.08236
-0.955746
-1.76831
-1.12572
-0.691912
-2.15112
-0.214918
-1.96544
-1.11502
-2.05185
-1.63423
-0.763309
-1.47772
-1.58609
-2.15485
1.24545
-0.634073
-1.25183
-1.77113
0.0966631
-2.07393
-2.12247
-1.17179
2.06727
-0.683425
-0.703225
-1.42134
-1.1593
-0.664553
-1.2449
-0.0254371
-0.18799
1.43768
-1.99956
-1.84132
-1.30259
0.253879
-2.00311
-1.68782
-0.558796
-1.59418
-0.980602
-1.50045
0.410602
-1.30399
-1.66655
-1.17265
1.68724
-0.192373
-0.342053
-2.06582
-0.239309
-1.67833
-1.94615
-1.54311
1.69289
-0.00194004
2.28406
0.047481
-2.18321
-1.76534
-0.991046
0.0872266
-1.69863
-1.15461
-0.128436
-1.43468
-2.06392
-1.26698
-2.41832
3.62177
-2.57781
-1.06192
-0.439193
-0.81059
-2.0434
-2.179
-2.44296
-0.471493
-1.38242
-1.62973
0.626185
-0.668274
-1.88843
-1.73826
0.174938
-0.47773
-0.327805
-1.14086
-1.33755
-0.801845
-1.34371
-1.92761
-1.83448
0.71279
-2.08013
-1.38105
-0.124481
-0.860538
-2.3944
-1.46766
-1.81153
2.36807
-1.70766
-1.46635
1.84662
-2.66016
-2.29587
-2.18823
-0.670426
-0.58837
0.675751
-2.23898
2.20106
-1.97368
-1.88046
-2.00555
-0.772846
-0.520876
-0.152309
