0.259593
3.70921
-1.5467
-0.0485911
-0.508807
0.719068
2.4977
1.57169
-1.33136
-1.8938
-1.7922
-1.42348
-0.808745
-2.71285
-0.423956
0.118554
2.91363
1.0092
2.02451
0.386832
0.714513
1.27303
1.99667
0.981285
-2.64312
-2.69999
-1.81106
-1.62498
-1.75175
-1.80909
-1.10552
0.641399
-0.277391
-1.64238
-1.8762
-1.45533
-2.81974
-2.07954
-1.88983
-2.36054
0.102098
-1.50815
-1.35179
-2.82377
-1.07313
-1.6963
-0.97471
-0.480832
-0.818746
0.0510946
-1.46399
-0.54327
-1.74517
-1.38361
-1.39679
2.01019
-0.670162
-0.824914
-2.1615
0.0294356
-1.8009
-1.28491
-2.12879
4.38668
1.90728
1.57647
0.627121
3.10801
0.00821393
1.38105
0.653509
1.03593
-0.951769
-1.65635
-1.46895
-1.86471
-2.18402
-2.12184
-0.564046
-0.526324
1.51292
1.19848
0.458138
0.535737
-0.133321
0.835376
0.178136
0.65129
-1.62831
-1.09942
-1.98165
-1.74237
-2.30212
-0.811879
-1.90333
-0.879644
-1.4574
0.619479
-1.77291
-2.22223
-2.26778
-1.75079
-0.247715
-1.37092
-0.601154
-0.140342
-0.172198
-2.1644
-1.71668
-1.6236
0.787383
-1.15345
-2.00878
0.783131
-1.14693
-1.40567
-2.05341
-0.119991
0.465226
-3.33164
-1.6689
2.05149
-1.62627
-1.91724
-2.03662
-0.741199
0.379629
0.163712
1.75728
-2.23192
-1.96659
-2.4277
-1.78531
-1.64713
-0.356924
-1.02479
-0.967978
-1.33092
-1.87824
-1.73392
-0.75395
-2.68286
-2.03183
0.564002
-1.82983
-1.40003
-1.81954
-1.88762
-1.94731
-2.85319
-2.36221
0.362392
-0.513937
-0.818826
-1.85802
-1.83334
-1.46035
-2.03415
-1.33143
0.458294
-0.851849
-1.58279
-1.34893
-1.30395
-0.10823
-1.8095
-0.720539
-0.408651
2.13217
-0.837604
-1.73329
-1.35095
-0.94838
-2.04069
0.123785
-0.57168
-0.983935
0.170691
-2.15082
-1.59338
-0.888355
-0.819713
-1.35057
1.11246
0.489023
0.919599
-1.8237
-0.710228
-1.50748
-1.69359
-0.944922
1.55334
-0.570181
0.356824
1.42193
-2.84752
-0.94063
-1.37041
0.713646
-1.24377
1.03428
-0.934513
-0.600615
-2.3904
-1.0798
-1.83482
-0.199155
-1.96127
-2.14881
0.243153
-1.82404
-1.16089
-2.05615
-0.0928546
0.0532792
-2.76229
-1.88911
-0.0182823
-1.19164
-2.7119
-1.917
-1.21333
-0.441184
-1.52231
-0.926123
0.127383
-0.311926
-1.86293
-1.00475
-1.03201
-1.4077
-1.73021
0.087139
-1.02474
-1.37487
-2.39899
-1.60021
-1.8318
2.97289
-1.09295
-1.90592
-0.0310352
-1.97817
-2.62914
-1.66239
-1.13051
-0.848995
-0.613148
-1.35769
1.4579
-2.0157
-1.92283
-1.61416
-0.634723
-0.48474
-0.507305
