-1.15998
0.427911
-1.61032
-1.90172
0.527506
1.67047
2.50676
3.05264
-0.279555
-2.44342
-1.74562
-0.680585
-1.94404
-2.3433
1.33211
0.777611
2.40827
1.18378
2.97439
0.531277
0.025928
1.1024
2.47022
0.679878
-2.22342
-1.10456
-1.95419
-2.69301
-1.83304
-1.80734
-1.73426
2.66501
-0.0207556
-1.3212
-1.53577
-1.55613
-1.24351
-2.07033
-2.26997
-1.03086
0.408126
-2.01394
-1.32834
-2.56106
-0.829874
-1.56135
-0.99283
0.121065
-0.874153
-0.439501
-1.98709
0.0763051
-1.72088
-1.43162
-1.89794
0.239078
-0.512912
-0.760312
-2.59396
-0.876952
-1.2876
-2.12829
-2.7016
0.826217
2.90177
0.907041
0.424449
0.754741
0.225027
1.10911
0.471823
1.55601
-1.74274
-0.537353
-1.58603
-1.55186
-2.05042
-1.65719
0.929569
-1.02904
0.810301
1.28742
-0.029546
0.216218
0.300495
1.23852
-1.25121
-0.404406
-1.45925
-0.562449
-1.65935
-2.16629
-2.53333
-0.722375
-3.9345
-0.30445
-1.7674
-1.70531
-1.92075
-2.55738
-1.25698
-1.83087
0.768657
-3.65167
-0.219499
-0.70004
-0.0891292
-1.94025
-1.61121
-1.39605
2.17765
-0.690372
-2.22277
0.814463
-1.13815
-1.082
-2.40754
-0.682958
-1.04569
-1.08066
-1.78972
0.874017
-3.05196
-1.75511
-2.25073
0.38255
-0.570631
-1.57742
-0.968477
-2.27506
-0.635134
-2.31649
-1.64737
-1.64639
-1.14266
-0.830705
0.51694
-1.10273
-2.14277
-0.478103
-0.944733
-2.29077
0.264115
-1.31952
-1.59762
-0.993755
-1.64249
-1.99272
-1.74667
-1.81667
-1.18218
0.420424
-0.711032
0.0846957
-1.99259
-1.07492
-1.13226
-1.79702
-1.23358
0.654962
-0.652321
-0.22113
-1.54232
-1.35262
-0.652353
-2.13047
-1.0359
-1.40285
1.48666
-2.35788
-1.69362
-0.626916
-0.493388
-1.09506
-0.627143
-0.382723
0.610717
-0.784044
-1.78861
-1.02857
-1.87562
-1.20727
-2.03086
0.488883
-1.18882
-0.990536
-2.08576
-0.679771
-1.69413
-1.48778
-2.69758
2.38079
-0.979406
-0.888549
1.01809
-2.91653
-1.9743
-0.840006
0.441394
-2.22207
-0.540963
-0.503112
-1.69922
-2.37331
-1.34371
-2.50391
0.487219
-1.45547
-1.38585
1.80667
-0.733266
-1.28226
-2.08965
-1.27989
-1.12338
-1.42865
-1.41671
0.721108
-1.95947
-2.10553
-2.04395
-0.21821
-0.436007
-0.77933
1.17345
-0.11706
-0.759345
-1.47593
-1.22346
-1.41292
-1.92904
-1.39927
-0.38378
-1.80287
-0.630337
-1.9562
-0.89021
-1.71011
2.33578
-1.89354
-1.43733
-0.92224
-1.68828
-2.29989
-1.72849
-0.608471
-1.22312
-1.1539
-1.38868
1.74268
-2.13646
-2.11137
-2.02887
-0.765001
-0.453683
-1.40447
