2.13525
-1.19522
-1.32034
-1.64266
1.25204
0.715653
2.88517
2.84811
-1.1075
-2.20268
-1.54126
-1.91383
-1.94937
-2.54885
1.1067
0.110095
0.896169
2.54841
0.486885
3.13394
1.4039
0.1253
0.918505
0.81385
-2.61022
-0.235071
-1.41589
-1.69004
-2.0082
-1.12808
-2.27991
1.98232
-0.465097
-1.03108
-2.48377
-1.44884
-2.80127
-2.09655
-2.26394
-1.64868
0.690562
-0.852078
-1.43369
-1.33988
-1.28166
-2.20983
-1.34207
-1.5229
-1.00629
-0.458432
-3.1247
0.225414
-1.89871
-1.74547
-1.30942
-0.077699
-1.72179
-1.20223
-1.92953
0.388543
-1.36044
-2.30275
-1.35473
1.01328
2.22257
2.56559
2.92117
0.0969231
1.22059
0.316158
1.23538
0.300259
-1.52118
-0.775403
-2.87968
-2.08728
-2.06101
-1.38715
0.966779
-1.07346
1.05192
0.563645
0.412528
0.264442
1.05861
0.479063
0.789627
0.0486148
-1.19737
0.429745
-1.15388
-1.7044
-1.8582
-1.12354
-1.07012
0.910693
-0.329604
0.342382
0.500977
-1.6933
-1.16732
-1.69772
0.593337
-1.61319
-0.44828
-1.66076
0.407357
-2.02617
-1.21648
-1.81929
1.48263
-1.20841
-0.647891
1.69749
-0.407603
-0.842051
-1.06807
-1.43771
-1.46003
-1.18115
-1.61988
0.939701
-2.06585
-1.17231
-2.26804
-0.706124
-0.0108671
-0.493517
0.0904981
-0.682268
-0.841174
-2.13827
-1.96681
-2.09456
-1.57215
-1.92235
0.632735
-1.55267
-1.80714
-1.32492
0.675234
-1.73382
-0.628871
-0.444343
-1.77636
-1.77305
-2.14446
-1.24451
-1.55413
-2.18551
-1.71301
1.64327
0.796538
-0.0128246
-1.94189
-0.17303
-0.589644
-1.3008
-1.27196
2.54771
0.220462
-1.88071
-1.67968
-1.21985
0.266906
-2.24314
-1.0141
-1.18825
2.05428
-1.49414
-0.635827
-0.769454
-0.0600353
-2.31304
-0.170756
0.397444
-0.671577
-1.1879
-1.74238
-0.906607
-1.59786
-1.7845
-2.05761
-2.05558
-0.485179
-0.536815
-2.40413
-0.433765
-2.1337
-1.59648
-1.72446
0.988534
-1.78379
-0.706558
-0.861471
-2.94117
-2.48579
-1.03149
1.43426
-1.38691
-0.766927
-1.56496
-1.16072
-2.45066
-1.8463
-2.20193
-0.804483
-0.872277
-1.11625
-0.723848
-0.821587
-1.78886
-2.40015
-0.912157
-0.794303
-1.39421
-0.973651
-0.891793
-2.06764
-2.14498
-2.12281
-0.72308
-1.16919
-1.46303
-0.464893
0.828117
-1.22242
-1.82473
-1.75425
-1.47334
0.636123
-1.65448
-0.875343
-1.36562
-0.62909
-2.14362
-2.23447
-2.28266
1.97783
-2.00982
-1.7378
-0.701771
-2.25049
-1.62646
-2.24403
-0.574672
0.358682
-1.25815
-1.88192
1.64688
-2.04113
-1.60017
-2.27021
-0.36324
-1.04568
-0.317234
