4.16586
-0.670878
-0.428956
-1.81223
1.78369
0.708728
2.26297
2.87633
0.0674364
-2.01682
-1.88495
-1.94333
-1.27236
-2.87471
-0.685705
1.44797
1.02823
3.21631
0.294614
2.59371
0.982853
0.675597
0.430337
0.641395
-0.899576
-0.265628
-1.55291
-1.34454
-1.45647
-2.07072
-1.30813
1.94784
0.657809
-1.24903
-2.09009
-1.56609
-1.13456
-1.82467
-1.45929
-1.43138
0.128946
-1.84103
-1.17196
-2.35546
0.9148
-1.77127
-1.20027
-0.560087
-1.66458
1.98067
-2.89411
1.18628
-1.02775
-1.60842
-1.10971
-1.47565
-0.437527
-0.0154202
-2.09022
-1.96474
-1.49204
-1.60658
-2.2745
2.64961
0.848285
2.46707
3.13442
0.86494
1.09341
0.637469
0.789422
0.256073
-0.932795
0.0217995
-1.44858
-2.01911
-1.6875
-1.74048
1.27211
-0.958061
1.55383
0.6124
-0.320743
0.170036
0.911844
0.0223417
-0.0951671
0.579444
-1.26642
0.279926
-1.32871
-1.20405
-2.20505
0.32488
-0.685075
-0.842997
-1.40296
-1.0434
-0.836805
-2.31236
-1.45597
-2.60789
1.66608
-1.45704
-0.247219
-1.33593
-0.0646134
-1.89727
-1.59062
-1.58963
1.85522
-1.32088
-2.07945
0.38648
-1.02939
-0.884569
-2.23877
-1.0165
-0.208039
0.0247401
-0.814746
0.961813
-1.80902
-0.988737
-1.57735
0.146547
-1.14891
-0.706463
-0.750799
-1.98286
-1.8595
-1.65119
-1.26194
-2.22923
-1.3115
-1.46896
1.01099
-1.6434
-1.58366
-0.793163
-0.361461
-1.97063
-0.45585
-0.464169
-0.947034
-0.838894
-2.90749
-2.06423
-1.49989
-2.553
-2.21002
1.6976
0.340468
-0.653946
-2.55968
-0.82855
-0.850501
-1.90815
-1.52525
-0.482383
1.16587
-1.75131
-1.87594
-2.03442
-1.25238
-2.18651
-1.00995
-0.752125
1.61471
-1.25858
-0.677347
-0.0874522
0.713989
-1.52937
-0.635419
-0.218593
-0.763734
-1.14484
-1.85449
-1.86887
-1.33364
-1.22254
-2.42351
1.70649
-0.856152
0.397475
-2.18488
-0.776211
-1.73769
-1.37816
-1.38786
3.1206
-0.0434785
-0.443584
0.698149
-3.09742
-1.19855
-1.29011
0.7889
-1.38617
-2.47139
-1.6039
-0.607626
-1.70279
-2.2557
-2.00787
0.791681
-2.215
-0.148469
0.919175
0.547334
-0.894159
-2.36996
-1.6531
-0.967572
-0.966677
-1.28479
-0.226123
-1.47638
-1.79103
-1.64562
-0.11628
-0.674216
-0.434939
-0.160975
0.528058
-1.18604
-1.91497
-1.85484
-1.24842
0.417007
-1.70055
-1.36235
-0.676383
-0.262789
-1.79722
-1.71769
-0.795971
1.76888
-1.63836
-0.533751
1.33947
-1.59189
-1.6359
-1.44017
-1.41927
-0.94536
-1.7868
-1.99624
2.70348
-1.93323
-1.86261
-2.34537
-0.308696
0.628339
-0.0585008
