3.55665
-1.13813
-1.07002
-1.64292
0.594418
0.395866
1.95652
2.25343
2.70347
-2.13065
-1.85123
-0.523523
-0.0935579
-2.82862
-0.75179
0.518713
0.821369
1.93373
0.371206
2.58301
1.34642
0.0631292
0.192456
0.0805224
-1.72933
-1.75801
-2.00538
-1.93846
-2.49226
-1.47561
-0.932902
1.50063
0.0782931
-2.0539
-2.36408
-2.52244
-0.239201
-2.04609
-1.43518
-2.1286
0.117761
-1.35984
-1.43506
-2.29876
-0.82511
-1.82733
-1.39624
-1.62263
-0.940594
0.916742
-1.69728
-0.275669
-1.72004
-2.04204
-1.73913
0.535938
-0.707098
-1.07906
-2.1122
-0.235802
-1.76705
-2.16668
-2.00718
-0.473904
1.05371
3.0123
2.66365
0.668115
1.29363
0.291469
1.21058
0.628968
-1.0537
-1.07638
-2.42278
-1.39701
-1.92792
-1.54439
0.118785
-1.36198
1.37497
0.167645
0.449732
0.548398
0.893717
-0.616469
0.207916
-0.32661
-1.39655
-0.0682693
-2.03064
-1.07265
-2.05641
-0.581998
-1.01096
0.444312
-1.02767
-1.23567
-1.82685
-2.0241
-1.83899
-1.73441
0.0332305
-2.31704
-0.529482
0.41037
-1.37232
-2.08617
-1.1524
-1.71152
-1.49443
-1.17743
-1.6794
-0.388857
-1.53097
-0.851526
-1.8152
-1.35468
-0.808645
-0.680263
-1.07737
0.266409
-2.01278
-1.42609
-2.40514
-1.70467
-0.00146218
-0.100113
-0.661194
-1.75236
-1.39583
-2.26452
-0.948849
-2.50951
-1.86776
-2.25714
0.313072
-1.73494
-2.44464
-1.46399
-1.08561
-2.59287
-1.18421
-1.75649
-2.08257
-2.9782
-1.36031
-0.837527
-1.5266
-1.66138
-2.29051
0.358937
0.129005
-1.34466
-2.65781
0.321642
-2.02838
-1.65787
-0.734449
1.15303
2.12008
-1.88663
-1.14079
-1.13449
-0.418038
-1.75633
0.163815
-1.41075
1.28464
-1.55739
-2.29159
-1.67451
0.112121
-2.3915
-0.347342
-0.637452
-1.27585
-1.19848
-1.77637
-0.245976
-1.23207
-0.854325
-1.79484
0.755317
-0.991245
-1.25654
-2.55597
-0.817569
-2.57583
-2.39566
-2.43754
2.34526
-0.593686
0.0310141
0.310651
-2.65514
-1.61915
-0.135297
2.04047
-1.95497
0.787326
-1.35792
-1.44536
-2.0677
-1.50731
-2.52291
0.648857
-1.90218
-1.65995
-0.487295
-1.25436
-0.892608
-2.48483
-0.466156
-0.522657
-1.22014
-1.79589
0.927173
-1.12943
-2.34851
-1.72128
-1.70638
-0.276712
-1.13459
-0.180969
-0.243042
-1.2126
-1.81549
-1.39824
-1.6521
-0.234166
-2.08628
-1.01251
-0.982161
-1.06312
-2.41317
-1.44811
-1.66891
2.1188
-2.3616
-1.90425
2.37431
-1.81217
-2.06757
-2.12955
0.0161398
1.04298
-0.133605
-1.54933
1.44407
-2.25005
-1.22166
-2.06277
0.323965
-0.22971
-0.359018
