2.60686
-1.06399
-1.42132
-1.19472
1.08602
0.84053
2.01747
2.82426
-1.30669
-1.72625
-2.37532
-0.244106
-1.65701
-1.19441
0.874471
0.227852
2.44807
1.66957
0.56315
2.43337
1.44154
-0.214718
0.582465
0.804876
-0.462312
-2.54785
-2.00298
-1.97655
-2.1889
-1.76372
-0.695797
-1.38515
0.523142
-2.89701
-3.35061
-2.61183
-0.81605
-2.33672
-2.25007
-1.11065
1.11023
-1.60444
-1.88034
-1.02843
0.0381813
-1.72886
-0.84385
-0.927949
-1.345
0.570504
-2.54926
0.0179622
-2.61895
-0.881401
-1.17419
-0.770421
-1.12127
-0.993218
-2.49394
-0.84396
-1.64525
-1.74476
-1.77073
0.225337
1.77132
3.16893
2.7781
0.800972
1.36121
0.421135
1.15683
0.192441
-1.27364
-2.02451
-1.03034
-1.72854
-1.74955
-1.42155
1.46503
-1.43299
1.47091
1.22946
0.441715
0.154259
1.04818
0.0185378
0.20748
-0.57839
-1.93012
0.547994
-1.68138
-2.35529
-2.28844
-0.789462
0.0453416
-0.103659
-0.705282
-2.16974
-1.06656
-1.26735
-1.95532
-2.92526
-1.65253
-2.6862
-0.11165
-1.05063
0.149389
-2.3752
-2.27581
-1.97038
0.472396
-1.10426
-1.91608
-0.186785
-1.97215
-1.42634
-1.55386
-0.958986
-1.43917
-2.81087
-1.71579
1.77047
-2.03178
-1.27066
-2.48673
0.117961
-1.18686
-0.67289
-1.13092
-0.984269
-1.92439
-1.0519
-0.843789
-2.07484
-1.67908
0.244728
-1.48101
-0.858157
-2.06983
-1.3993
-1.64122
-2.21926
-0.183556
-0.621176
0.0333636
-1.0918
-1.4789
-1.0097
-1.03171
-2.77726
-1.50325
-0.628921
-0.670051
-1.67451
-2.21411
-2.19996
-0.790484
-1.4521
-0.924225
0.964343
0.864343
-1.52404
-1.32853
-1.11813
0.179558
-2.07983
-0.116274
-0.913626
0.642559
-2.1378
-2.42792
-2.25789
-0.0362186
-1.95048
-0.407
-0.352101
1.04614
-0.346179
-1.90433
-0.518003
-0.838814
-1.85226
-1.49844
1.13757
-1.87955
-0.646374
-2.34646
-1.20459
-2.55474
-1.96988
-1.3293
1.70145
0.341695
2.02854
0.892655
-2.4749
-1.40214
-1.17188
0.650835
-1.85604
-1.02454
-1.66342
-1.92233
-1.94057
-1.36795
-1.15134
1.32542
-1.46675
-1.30316
0.675592
-0.342615
-1.56394
-1.86201
-0.313035
-1.55394
-0.285346
-0.581879
1.80204
-1.32675
-1.9538
-1.58951
0.166009
-0.537212
-0.489384
-0.885705
-1.25387
-1.35636
-2.55632
-1.64214
-0.932282
0.35767
-1.30408
-0.470413
-0.741277
-0.578092
-2.15523
-1.71028
-2.15842
0.337835
-0.495953
-2.08696
0.741061
-1.85693
-2.21523
-2.6549
-2.3252
-0.136272
-0.808478
-2.57352
2.35848
-3.45343
-1.79101
-2.2054
-0.26476
-0.0548416
-0.239591
