0.582117
-0.148936
-0.580755
-1.37045
1.47791
0.294223
1.51363
2.4138
0.149345
-1.76468
-2.1317
-2.12481
-1.23292
-1.58991
1.17967
-0.894692
0.384531
2.69352
1.06536
2.53352
1.50151
0.25919
0.2149
2.895
-0.981745
-1.16034
-1.67796
-1.01895
-1.80855
-1.70659
-1.00715
0.880615
-1.21884
-0.615507
-2.53293
-1.88677
-1.45755
-1.55925
-0.366839
-1.47266
0.186948
-1.36299
-0.709408
-1.27413
-1.54716
-1.70473
-1.31701
-1.50948
-0.180339
1.29036
-2.12634
0.561131
-1.93178
0.244084
-0.658646
0.980658
-0.189681
-1.37474
-2.41058
-1.32773
-1.43907
-1.9599
-2.13936
3.05035
2.12912
2.92881
2.93326
0.985274
1.50914
0.97708
0.590445
0.266045
-1.40132
-1.01065
-1.55855
-1.62243
-2.07713
-1.78811
0.260792
-1.48783
1.28395
1.49138
0.0818598
0.0405005
1.05702
0.250354
0.220186
0.166683
-1.2335
2.03538
-1.71265
-1.62307
-2.13998
-1.38435
-1.56558
-1.47532
-1.72702
-1.19241
-1.14299
-1.90431
-1.24861
-1.91659
1.37636
-2.47682
0.320315
-0.930232
0.155566
-1.60121
-0.888753
-2.22839
0.871832
-1.09994
-2.14892
1.71315
-0.881028
-1.48518
-2.29008
-0.709478
-0.29167
-0.511667
-0.838412
0.868212
-1.69498
-1.1309
-2.07933
-1.67001
-0.110708
-0.594664
-1.52662
-1.31833
-1.82193
-1.40003
-1.4351
-1.74494
-1.19084
-1.04376
1.78552
-1.38279
-2.01082
-1.83779
0.50939
-2.52728
-0.72408
-1.32726
-1.74549
-0.0418629
-2.10513
-1.11224
-1.95958
-2.52913
-1.48626
0.363417
-0.116059
-0.256412
-2.08388
-0.215529
-1.28826
-1.96621
-1.63376
0.846005
0.0810857
-1.50867
-1.97267
-1.71729
-0.187819
-2.03999
-1.01674
0.333238
1.28964
-0.807225
-2.1358
-1.20091
-0.326261
-2.20264
-0.605961
-0.677435
-1.56222
0.178828
-2.56074
-0.828558
-1.78092
-0.823171
-0.990851
-0.0279551
-0.344747
-0.388955
-1.94048
-0.682396
-1.36716
-2.38262
-1.69419
2.23792
-0.287936
-0.316066
-0.239406
-2.38787
-2.36304
-0.744714
0.451138
-0.947486
-1.29585
0.576177
0.310481
-2.45018
-1.35288
-2.05664
-0.881615
-2.54527
-1.86623
-0.0485379
-1.24559
-1.4835
-2.45753
-3.10035
-1.0016
-0.785543
-1.51842
1.33377
-1.24284
-1.99509
-2.15441
-1.26993
-0.901136
-1.34077
-1.35106
-1.55016
-1.29272
-2.33291
-1.05809
-1.29137
0.440896
-1.72686
-0.803138
-0.824147
0.174474
-2.11608
-1.46579
-1.29016
2.58763
-1.47925
-1.93162
0.079956
-2.72486
-1.86304
-2.30893
-1.14716
-0.875804
-0.493531
-1.51326
2.49085
-1.59285
-1.99922
-2.37963
-1.47579
-0.696865
-1.08843
