-0.132346
1.11444
-0.91551
-1.84159
-0.0673524
1.21471
2.55675
3.03663
1.12448
-2.7171
-0.736664
-0.860481
-2.62967
-2.46716
-0.0241671
1.95017
3.03618
1.21692
2.45253
0.904552
0.441454
1.25473
2.24236
-0.00413963
-0.803093
-0.627549
-2.05591
-0.425016
-1.9731
-2.06768
-1.122
-1.2169
-0.733073
-2.41
-1.35118
-1.66711
-0.626539
-2.05078
-0.817199
-0.837239
0.201838
-1.44691
-1.64834
-2.19413
-0.716242
-1.86457
-1.04887
-0.902998
-0.657041
0.159259
-1.83549
-0.498178
-2.06592
-1.31874
-0.971438
1.74716
-0.424406
-1.65932
-2.07305
1.36274
-1.15463
-1.75422
-1.41643
0.217623
2.41811
1.06968
0.701326
3.03734
0.368358
1.32522
0.231471
1.07744
-3.11702
-1.27915
-1.20371
-1.42541
-1.23636
-1.47338
1.70759
-0.398322
1.02424
1.39206
0.335929
0.856367
0.290049
0.761961
-0.263944
-0.184699
-1.85558
-0.310027
-1.40371
-2.4767
-2.10179
-0.513783
-1.14635
-1.02471
-1.79165
-1.44018
-0.31443
-1.64864
-1.49006
-2.5178
-1.74763
-1.85592
-0.405246
-0.82656
-1.45199
-2.56095
-1.11156
-1.79508
1.2776
-1.41803
-1.66593
1.14965
-1.25573
-0.909386
-1.68255
-0.914518
-1.81857
-0.497187
-1.15772
0.0573798
-2.32272
-1.9229
-1.53274
-0.856995
-0.234242
-0.0650883
0.812611
-2.11454
-2.11869
-2.10021
-1.23814
-1.53513
-1.6659
-1.1449
-0.357284
-0.760358
-2.02905
-1.68711
-0.488735
-2.3552
-0.695465
-0.508815
-0.495788
-1.22474
-1.35442
-1.5196
-1.71364
-1.42047
-1.60452
-0.369874
-1.41737
-2.60469
-2.29537
-0.625047
-1.47134
-1.93327
-1.00842
0.600937
0.238654
-2.28039
-2.0804
-0.721282
-0.705548
-2.26089
-1.37162
-2.90368
1.58159
-1.92288
-1.6383
-1.22278
-1.31292
-1.74435
-0.833843
-0.07851
-0.0219128
-0.746395
-2.442
-0.332022
-1.1954
-1.63094
-2.09375
0.022961
-0.504309
-0.763484
-2.3641
-0.971518
-1.48309
-1.96742
-2.04947
2.0759
-1.42424
-1.86313
-0.325664
-2.43078
-1.60497
-0.836158
1.68267
-0.64703
0.286753
-0.191703
-0.894954
-2.06921
-1.63431
-1.80701
1.92328
-2.10811
-1.78606
0.338679
-1.5453
-1.5837
-2.0837
-1.21773
-1.30637
-0.591062
-0.989103
0.510564
-0.814988
-1.64563
-1.88577
-2.18557
-0.312094
-0.794127
-2.31021
-0.764613
0.258217
-2.16462
-1.94216
-0.829429
0.0921213
-1.89661
-0.930223
-0.12669
-0.496688
-1.99672
-2.63663
-0.460492
2.83622
-1.89366
-0.973459
-0.706597
-2.33109
-1.72807
-1.97289
-0.0206093
-0.0204413
-0.912409
-1.92209
2.7642
-1.43055
-1.39254
-2.24775
0.224255
-1.78226
-2.20098
