-2.43573
0.718677
0.284652
-0.780027
0.890887
1.77491
1.78053
1.69413
-0.0574814
-1.03685
-2.58875
-2.13002
-0.246085
-2.81744
-0.611932
-0.585851
1.70582
1.02557
2.50241
0.285064
0.0486531
1.69935
1.26312
-0.0247437
0.608758
-1.88416
-2.35575
-1.78548
-2.34336
-0.952759
-0.416494
0.467595
0.336262
-2.16086
-2.16327
-1.91311
-1.40193
-1.43202
-2.47332
-1.28008
-0.472419
-1.28809
-2.04906
-1.67535
-1.95748
-2.26482
-0.903511
-1.36307
-1.26945
1.24834
-1.61166
-0.700183
-2.03421
0.582339
-1.89424
-0.265399
-0.0375061
-0.386344
-2.53678
-0.786306
-1.2243
-2.30849
-2.70255
-0.230816
2.60615
1.64136
0.788108
2.30968
0.131807
1.24591
0.503182
1.83108
-1.76693
-2.47732
-2.15828
-1.66402
-1.99954
-1.89418
0.305378
-1.84722
0.434821
1.24334
-0.132055
0.95668
-0.624803
1.03751
1.60545
0.110829
-2.60041
-0.434477
-2.10157
-2.06395
-2.03961
-0.0347478
0.699108
-0.212543
-0.283006
-0.647758
-0.3206
-1.50505
-1.43809
-2.53945
-2.39548
-2.39688
-0.839334
-1.08596
-0.966808
-2.58507
-1.88298
-1.3718
1.71977
-1.17403
-2.25575
0.711369
-1.84848
-1.30201
-2.04491
-0.421667
-0.984333
-0.634009
-1.715
0.485863
-2.30494
-1.31313
-2.52376
-0.35673
-0.900564
-0.753912
-0.654246
-1.98808
-1.61335
-1.53367
-1.80138
-2.12913
-1.24374
-1.19022
2.01688
-1.33405
-2.19089
-1.25288
-0.503401
-2.2949
0.13616
-0.406856
-1.16076
-0.740673
-1.56964
-0.703529
-0.441523
-1.31337
-1.64212
-0.402333
-0.20508
-0.746778
-1.99015
-2.34237
-1.29664
-1.47432
-0.879531
2.16675
2.2919
-1.66726
-0.542874
-1.55155
-0.316348
-1.92028
-1.3713
-1.43681
2.08182
-1.71381
-1.43505
-2.41133
-0.300546
-2.0754
-0.30974
-0.901943
-0.719629
0.064486
-2.30599
-1.23935
-1.66777
-1.17758
-1.31431
0.373018
-1.50556
-0.968687
-1.87361
-0.956287
-2.1325
-1.63162
-1.46363
2.0649
-0.988723
0.764885
0.31163
-1.46889
-1.45984
-1.80329
2.30329
-0.842267
-1.60507
-1.31514
-0.868471
-2.14943
-1.41924
-2.10601
0.175013
-2.32221
-1.93877
0.0186341
-1.64688
-1.57529
-1.8852
-0.603832
-1.28848
-1.62147
-1.1036
1.9911
-1.25081
-1.45392
-2.26051
-0.400024
-1.43466
-1.51504
-0.644949
-0.823831
-1.94506
-1.88543
-0.528412
-1.22952
1.56774
-1.50128
-0.873146
-0.947873
-0.455927
-1.83405
-1.22708
-1.88638
2.37455
-1.42579
-1.94909
0.770292
-2.22518
-2.36591
-1.80887
-1.3486
-0.565621
0.548122
-1.91044
2.28298
-2.39445
-1.20247
-1.94283
-2.19846
-1.60902
-0.821567
