1.09039
-1.92841
-2.02313
-0.72158
1.46626
0.455494
2.20873
2.20106
1.24988
-0.654696
-2.33239
-1.47562
0.104556
-2.59225
-0.566093
-0.267286
2.20591
2.83078
1.01304
2.73337
1.58055
0.580452
0.99374
1.41228
-1.0607
-1.36819
-1.80847
-0.838635
-1.69301
-2.06748
-0.952532
-0.198998
-2.0728
-2.27151
-2.24958
-2.83333
-2.28501
-1.69108
0.164666
-1.50467
0.328631
-1.49755
-0.912851
-0.971971
-1.74557
-2.14907
-1.71457
-2.14373
-1.20481
-0.726273
-3.15191
-0.898166
-0.258926
-1.24982
-1.36713
0.755044
-1.06935
-0.533691
-2.28983
-0.749408
-1.64249
-1.4181
-3.40675
-0.293097
1.05081
2.15148
2.93468
0.577146
0.78119
0.208212
0.850011
1.20062
0.342066
-0.609223
-0.964826
-1.68269
-2.09226
-2.05592
0.344175
-1.07583
1.35896
0.262931
0.476332
0.302193
0.852565
-0.238781
0.757377
-0.20184
-1.51958
-0.966851
-1.47959
-1.79496
-2.13834
-0.771126
-1.84261
0.533645
-1.46784
-0.404562
-1.4574
-1.56504
-1.19173
-1.48734
0.11389
-1.97984
-0.771554
-1.26447
-1.3415
-2.0269
-0.762708
-1.68619
0.313133
-0.677824
-1.75623
0.465944
-1.17741
-1.29875
-2.29034
-0.241638
-0.684055
-1.49753
-1.51572
2.10212
-1.43883
-1.90005
-2.46733
-0.502349
-0.350714
-0.633287
0.872057
-1.90097
-0.747519
-2.44952
-1.79676
-1.65724
-0.950458
-0.0670657
-0.665834
-0.949681
-0.921971
-1.24032
-1.12888
-2.13932
0.184437
-0.60107
-0.865356
-2.69901
-1.89439
-0.797257
-1.52496
-2.29417
-2.77705
-0.251596
-1.0236
-0.493941
-2.28179
-0.838984
-1.28117
-2.02326
-1.45324
0.140406
1.39072
-1.50567
-1.56197
-1.49092
-0.79891
-2.39707
-1.31226
-1.12306
1.4329
-2.36037
-2.43099
-1.71207
-0.00451612
-2.02811
-0.491334
-0.773409
-1.27057
-0.933158
-2.33096
-0.930338
-1.67003
-1.3584
-2.20627
0.428613
-0.099895
-0.165864
-1.9155
-0.509958
-2.21867
-1.27696
-2.11966
1.91514
-1.71708
0.40682
1.17772
-2.20165
-1.79974
-0.494143
0.292451
-1.44785
-1.12177
-0.693754
0.777093
-2.51275
-1.58045
-3.09959
-0.682885
-0.875985
-1.7998
-1.00512
-2.04382
-1.72419
-2.27687
-0.740073
-0.684696
-1.66908
-1.91603
0.586863
-1.22194
-2.65055
-1.71588
-0.918416
-1.02253
-1.04973
-1.68911
-1.005
-0.739669
-2.15291
-1.64233
-1.71394
1.69025
-1.12366
-0.490488
-0.805345
-1.51594
-1.82357
-2.40639
-2.63631
2.23574
-2.81776
-1.51158
0.78297
-2.29606
-1.70597
-2.24064
-0.0440254
0.585948
0.0242795
-1.29374
1.07449
-1.88796
-1.56489
-1.47188
-2.11472
-1.94881
-0.49864
