0.0932775
2.11844
-0.398022
0.0599429
0.261056
0.907705
2.70326
3.23898
-0.0726523
-1.75758
-1.87187
-1.88912
-1.0664
-3.35172
-0.195169
1.01787
2.63759
1.35893
3.11411
0.699868
0.518536
1.44442
3.01001
0.306568
-1.69773
-1.32641
-1.88287
-2.82585
-2.28292
-1.37391
-1.42016
0.405985
0.558618
-1.84227
-3.07385
-2.05329
-1.0938
-1.60533
-0.654089
-1.361
2.06204
-1.93331
-1.74695
-1.32411
-1.30991
-2.16679
-1.48369
-1.51201
-1.09383
-0.561376
-2.82601
-0.865723
-0.142001
-1.42035
-1.03683
0.180441
-0.960868
-0.599955
-2.08912
-1.24976
-2.8227
-2.91009
-2.21933
3.45457
1.83065
0.905794
0.661949
2.11457
0.955317
1.24687
1.15429
1.34748
-2.11929
-1.54204
-1.43469
-1.8634
-2.50116
-1.8966
-0.143777
-1.62399
1.16479
1.04138
0.226271
0.206591
0.96975
0.800103
0.619703
-0.320778
-0.728816
0.495611
-1.35245
-1.05549
-1.78113
-0.327599
-0.324581
-1.5813
1.33183
-1.25539
0.0184082
-1.90766
-1.50071
-1.66106
0.788886
-1.89899
-0.845674
-1.20982
-1.71993
-1.59831
-0.641397
-0.833748
1.56439
-1.57645
-1.93208
1.30803
-1.6596
-1.3839
-1.80434
-1.43284
-1.30449
-1.00696
-1.95863
0.419134
-2.34469
-1.40756
-2.17726
-0.866517
-0.414744
-1.55696
-0.442748
-1.38262
-1.49319
-1.47928
-2.56245
-1.53194
-1.5452
-1.1137
-0.356959
-1.73938
-2.24755
-0.648546
-0.689293
-2.54316
-0.820623
-0.812912
-1.35849
-0.562169
-1.36164
-2.3007
-1.39882
-1.55624
-2.34677
0.0411077
0.514036
-0.040324
-2.92461
-0.726361
-0.470812
-2.51833
-2.16993
2.41235
0.250205
-0.700226
-0.510697
-0.414051
-0.393776
-2.17701
-0.672016
-1.91213
1.74384
-1.69117
-1.79527
-1.41743
-0.0210618
-2.23868
-0.377609
-0.363341
-0.823597
-1.29291
-1.44707
-0.826363
-1.78553
-1.37351
-2.10821
0.856589
-1.42782
-0.395106
-2.1202
-1.39728
-1.71949
-1.92734
-1.91369
3.32272
-0.497284
-1.382
1.27546
-1.75193
-1.91492
-1.27143
0.633678
-2.19911
-1.42938
-0.199252
0.473037
-2.36524
-1.29841
-2.1602
-0.0688503
-2.46556
-1.46564
-0.132592
-0.110496
-0.895821
-2.22559
-0.618168
-1.47852
-1.22003
-1.30799
0.953333
-1.87074
-1.97572
-2.44158
-1.01989
-0.61723
-0.292204
-1.5815
-0.715212
-0.237219
-1.47231
-0.507436
-1.35381
0.320543
-1.25325
-1.05936
-1.04694
-0.907348
-1.44038
-2.35777
-2.32206
2.12964
-1.89455
-1.32716
0.782412
-2.00043
-2.1354
-2.30862
-0.178848
0.17971
0.0527239
-2.01815
2.79586
-1.38802
-1.73628
-1.61038
-1.09761
-0.749121
-2.22809
