-0.335244
0.758159
-1.61925
-0.255189
0.351131
0.584319
1.76154
2.94948
2.0483
-1.69759
-0.604081
-1.80568
0.299666
-2.30408
0.311036
1.47931
2.54844
1.84665
2.85005
0.579044
0.700601
1.29264
1.78427
0.327813
-1.27217
-0.66416
-2.42324
-0.0729387
-1.74253
-1.7506
-0.841742
0.325602
-1.74093
-1.72825
-1.87801
-2.60456
-1.43089
-1.91883
-1.69784
-2.19192
2.72449
-1.73795
-1.92224
-1.58588
-1.54433
-2.28373
0.448182
-1.22328
-1.34452
-0.537098
-2.4825
0.899609
-1.76543
-1.21862
-0.937621
0.833463
-1.77292
-1.21036
-2.24016
0.101552
-1.6321
-2.30715
-1.30028
1.78865
2.93686
2.30662
0.271536
2.54292
0.701773
1.10763
0.207667
0.721069
-0.740747
-1.31937
-1.542
-2.06927
-1.60045
-1.81979
0.142028
-1.81342
2.4211
1.15811
0.464941
0.533957
0.375339
1.01698
-0.158183
0.809122
-2.98521
0.136108
-1.88082
-1.7792
-1.20238
-1.51539
-2.12348
-1.45381
-0.414769
-1.24701
-0.659301
-1.52842
-1.31727
-1.70868
-1.87279
-3.02471
-0.258727
-1.49137
-0.563391
-2.59302
-0.954736
-2.00286
1.06386
-1.34205
-2.72763
1.1779
-1.06377
-1.67892
-1.73912
-0.59663
0.169574
0.164009
-0.838256
0.54592
-2.0679
-0.905079
-2.16495
-0.819794
-0.635959
-0.731638
-0.272762
-1.79078
-2.14624
-1.27699
-0.125832
-1.62985
-1.58188
-2.10837
0.818921
-1.458
-1.85693
-1.25576
-1.05488
-1.61524
-0.201512
0.28573
-1.69669
-1.55914
-2.28465
-0.386059
-1.57743
-1.46018
-1.97237
-0.42702
-0.500458
-0.52976
-2.45308
-1.72989
-1.11438
-2.08645
-2.22027
1.03183
0.6043
-1.55013
-1.10111
-1.16415
-0.689752
-1.87445
-0.680031
-0.377931
0.851198
-2.07567
-1.53983
-2.44313
-0.311843
-2.05541
-0.870194
-1.26669
-0.749677
0.331055
-2.09759
-1.91982
-1.98744
-1.09556
-1.42256
1.08864
-1.50549
-0.751633
-1.72793
-0.622368
-1.49391
-2.42509
-1.76195
1.43239
-1.61384
-0.547127
-0.121082
-1.84813
-1.15221
-1.00732
1.05177
-0.61572
0.746778
-0.971128
-0.820965
-1.94253
-2.01875
-2.26547
0.913105
-2.56376
-1.37359
1.67184
-1.29725
-1.78153
-2.32653
-0.394661
-1.41805
-0.478246
-0.507897
-0.519509
-1.43939
-1.41261
-1.96519
0.262355
-0.781938
-1.37337
-1.60643
0.450649
-0.800484
-2.26237
-1.05083
-1.27397
1.13344
-1.46936
-1.33087
-0.224733
-1.35539
-2.24008
-2.05619
-2.15615
2.01556
-1.18972
-1.36614
0.631122
-1.99904
-1.82256
-2.51114
0.309974
0.504977
-1.08033
-1.41714
2.89809
-1.19095
-1.48545
-2.10705
-1.99137
-1.82406
-1.09745
