-1.55878
2.75308
-1.41958
-1.87747
0.584122
0.807853
2.97533
2.79849
0.202017
-2.01764
-1.76969
-1.2872
-1.1354
-3.16154
0.154998
0.127203
2.90803
0.791079
2.85128
0.150687
-0.395782
1.24127
1.61192
0.611727
-1.57787
-1.9723
-1.93961
-1.05162
-1.19789
-1.90696
-0.960723
0.545779
-0.192296
-1.80361
-2.40484
-1.39703
-1.68107
-2.02011
0.0439606
-1.5694
0.333619
-1.49231
-1.4491
-2.56864
0.234465
-2.26447
-0.159441
-0.217933
-0.94118
-0.606234
-2.69179
1.01366
-1.28605
-1.12046
-1.27621
0.369595
-1.62638
-0.298661
-2.29564
-1.15845
-1.6241
-2.7574
-2.26622
-0.217509
3.38455
0.869323
-0.56353
3.07334
0.497111
1.27247
0.989876
2.92842
-1.05726
-1.69829
-1.67833
-2.46906
-2.00703
-1.58513
1.39519
-1.46384
0.57754
1.08384
-0.0636473
0.218103
-0.726679
0.962277
-0.32488
0.218314
-1.50408
0.306978
-1.4661
-2.00921
-1.81335
0.0877188
-0.233535
-0.382696
-1.5974
-0.75638
-0.740688
-2.8685
-1.03841
-1.53546
1.49596
-1.34349
0.388485
-1.89237
-0.682444
-1.97953
-1.45746
-2.32396
0.338668
-1.80346
-1.73345
-0.393095
-1.67108
-0.32478
-2.09187
-0.74912
-0.199958
-0.648695
-0.717959
0.88947
-1.61203
-1.16167
-2.1857
-1.1405
-1.6281
-0.615444
-1.17894
-1.13417
-1.63768
-2.81773
0.6414
-1.41144
-1.18207
-1.40201
0.773402
-0.77779
-2.24216
-1.17427
-1.43136
-2.24873
-1.17392
-1.80459
-2.21384
-0.808045
-2.67321
-1.24972
-1.51379
-1.999
-2.08488
1.9231
-0.449133
-0.0595164
-2.51768
-0.81179
-1.53769
-1.1355
-1.08868
-0.0370378
1.26183
-1.57726
-1.38645
-1.50888
-0.360349
-1.87859
-0.960416
0.475136
1.66285
-0.633804
-1.96984
-0.635384
-1.07457
-2.37118
-1.11804
0.0133177
-1.16096
-0.966178
-1.39367
0.277241
-1.967
-1.41173
-2.15072
1.59398
0.318676
-0.795561
-1.82756
-0.424287
-1.92305
-1.93103
-1.2886
2.01736
-0.222909
-0.247108
-0.211989
-2.78002
-1.3807
-1.42524
0.198914
-1.96348
-1.15837
-0.335642
-1.21722
-1.71647
-1.27059
-1.98592
-0.500515
-1.4607
-1.95163
2.67434
-0.842789
-1.11356
-2.14004
-0.13979
-1.99811
-0.159661
-1.5884
1.10806
-1.84428
-2.20085
-2.47032
-2.09797
-0.376735
-0.194486
-1.22925
-0.969037
-0.982816
-2.00034
-1.95302
-0.920754
0.42361
-2.23186
-0.780142
-0.555875
-0.478736
-2.27923
-0.741843
-2.20275
2.4626
-1.96948
-1.81247
2.9263
-2.19492
-1.92135
-2.24357
-0.855264
-0.165582
-0.343587
-2.05304
2.24983
-2.13827
-1.71057
-1.96787
-0.346605
-0.568659
-1.42228
