1.70611
-0.111863
-0.0978719
-0.943286
1.9397
0.404918
2.19094
2.28527
0.10868
-2.74361
-1.56728
-2.0766
-1.2054
-2.41523
-0.521855
0.545017
1.35294
2.9719
0.385156
2.698
1.36344
0.170989
0.157403
2.51101
-2.16372
-1.86927
-1.65186
-1.9732
-1.25752
-1.28458
-0.366357
2.05193
1.2657
-1.8194
-1.7071
-1.03909
-2.17556
-1.56379
-1.3973
-1.89662
-0.543533
-2.01494
-1.84178
-1.79321
-1.3592
-1.95948
-0.806856
0.498497
-0.601441
-0.76922
-2.51608
0.0389008
-0.346378
-0.957231
-0.914914
1.73648
-0.967837
-0.994034
-2.5987
-1.03537
-1.21746
-3.12798
-2.59731
1.2851
1.66955
2.23014
2.8649
-0.313695
1.28394
0.156319
2.02368
0.363674
-1.39749
-3.69323
-2.33163
-1.56303
-2.24123
-0.862944
-0.297583
-1.2771
1.19677
1.0107
0.756842
0.591304
0.893336
-0.198523
-0.223536
-0.210327
-0.915831
0.543341
-2.68648
-1.98268
-1.77452
-1.00133
0.33099
-1.1655
-2.36837
-1.02238
-1.50119
-1.83218
-0.760935
-1.51369
0.761967
-1.97383
-0.13852
-0.375311
-0.241403
-2.04692
-1.56392
-2.30713
1.2903
-1.04857
-1.17401
0.139677
-1.4983
-1.451
-2.21198
-0.971093
-0.326069
-0.367263
-0.890119
1.11666
-1.90855
-1.62772
-2.46431
-0.397837
-1.01469
-0.0458217
0.646855
-2.25315
-2.23467
-2.45511
-1.59242
-2.97202
-2.12307
0.653141
0.796367
-1.94598
-2.44641
-1.30235
-1.11793
-2.13893
0.321798
-2.02847
0.859126
0.0567716
-1.45297
-1.91184
-1.64522
-1.89958
-2.42273
-0.191852
0.418546
0.269818
-1.82568
-1.00608
-1.31954
-1.5346
-1.1693
0.629059
-0.773847
-1.75751
-1.61077
-1.62251
-0.294624
-1.64925
0.28875
0.201753
1.53172
-1.37362
-1.80673
-2.08479
-0.0312284
-2.55836
-1.40704
-1.09909
-1.01212
-0.687516
-1.75771
-0.538035
-1.36706
-1.11462
-2.26304
0.142558
-0.860959
0.0825091
-1.61399
-0.164923
-2.16074
-2.0967
-1.63016
2.31467
-1.11094
0.0730874
1.33868
-1.46617
-1.59197
-1.57884
-0.880632
-2.22988
-0.651943
-0.808727
-0.0303129
-2.11223
-1.27424
-1.83904
-0.0788583
-2.21922
-1.99452
1.83994
-1.32558
-1.94608
-2.22514
-0.770137
-1.0107
-1.54669
-1.36789
-1.40113
-1.86209
-1.50963
-1.82346
0.385336
-0.300205
-0.116228
1.51518
-1.2895
0.740165
-1.81942
-1.21668
-1.62208
1.70522
-1.33181
-1.44085
-0.940097
-1.11097
-1.79043
-2.10299
-1.58356
2.09367
-1.39094
-1.23094
0.683413
-2.06465
-2.06254
-1.73789
-0.499606
-0.74258
-1.60003
-1.47338
1.79988
-1.78737
-2.38737
-1.85517
-1.68166
-0.952758
-0.737442
