1.7208
-1.79273
0.219903
0.843572
1.07644
0.61612
2.73611
0.699971
0.602889
-1.95505
-0.662024
-1.87488
-0.564886
-2.1284
-0.419018
-1.53346
1.60648
2.37738
0.324726
3.15419
1.67995
0.315814
0.0928854
1.13964
-1.73099
-1.3263
-1.47152
-1.68245
-1.53124
-2.01734
-1.52309
0.953835
-0.279146
-1.95118
-2.48578
-1.65668
-0.529194
-1.55924
-0.960782
-1.5419
-0.0186981
-1.12219
-0.985105
-2.29862
-1.17602
-2.36371
-0.802085
-0.505106
-1.3007
0.661079
-2.21736
-0.264831
-0.506321
0.357503
-1.42752
0.180657
0.503322
1.20299
-1.94369
-1.6323
-1.18733
-1.56772
-1.95843
1.02317
1.81157
1.50825
2.68987
0.835247
1.42967
-0.346505
2.17179
-0.0471414
0.606142
-1.72046
-1.09916
-2.259
-1.34357
-2.55987
0.739569
-1.93908
1.68524
1.53631
0.803538
0.45816
0.98172
0.00567422
0.417975
0.346206
-1.47529
-1.18358
-1.34815
-1.90487
-2.41742
0.0849377
-1.16451
0.0882079
-2.47251
-0.78641
-0.0846813
-1.82926
-1.98468
-2.04333
-0.606463
-1.86772
0.085502
0.310738
-0.000532595
-2.23802
-1.46613
-2.00105
1.3177
-1.24678
-1.95504
-0.0807077
-1.86757
-1.84402
-2.19844
0.0633035
-1.30116
-0.747133
-1.22554
2.15363
-2.12753
-1.569
-2.06486
-0.389482
-0.369722
-0.902741
-0.98564
-0.496189
-2.04303
-1.93195
-1.21215
-1.6543
-2.65359
0.55892
0.0864666
-2.01355
-1.22295
-1.5081
-1.75948
-1.81868
-0.805247
0.408252
0.20054
-1.26757
-1.78059
-0.865762
-1.82972
-2.03952
-1.82621
1.78937
-1.34197
-1.1573
-2.09084
-0.979942
-1.86893
-1.09405
-0.893825
1.38151
1.49902
-0.924537
-1.51211
-1.38391
-0.518415
-2.15837
-0.207165
-0.15348
1.29037
-1.88125
-2.13901
-1.21311
-1.00965
-1.99656
0.0519059
-0.307289
-1.03335
-1.09181
-2.46057
0.00349678
-0.946555
-1.05003
-1.63441
1.33785
-0.467709
-0.543359
-1.83531
-0.769764
-2.18067
-1.53203
-1.90796
1.97608
-1.42973
0.700234
-0.479889
-1.82678
-1.79459
-1.23263
1.79024
-1.85194
-0.389664
-1.56557
0.549504
-1.6476
-1.57762
-1.73627
0.293272
-2.52842
-1.60049
0.00010766
-0.573192
-1.58846
-2.48358
-0.855731
-0.555958
-0.842181
-1.89699
1.73913
-1.4441
-1.63973
-2.39527
0.17424
-0.12244
-1.9106
1.28286
-1.68111
-0.853622
-1.80085
-1.58003
-0.986267
0.23856
-1.22838
-0.612405
-0.264255
-0.987589
-2.21349
-0.796705
-1.97408
2.16224
-1.57291
-2.28267
2.49416
-2.99242
-2.13238
-2.04426
-1.15786
-0.451353
-0.207996
-2.01676
2.34423
-0.931021
-2.11642
-1.54913
-1.72271
-1.3828
-0.818408
