1.07748
-1.44773
-0.632268
-0.720114
0.905791
0.721644
2.4423
2.551
0.706141
-2.22017
-2.03456
-1.83391
-1.21996
-2.59058
-0.462332
-1.1769
0.821189
1.71983
-0.607578
2.74476
0.918952
0.36745
-0.0393073
1.94462
-1.36844
-0.774131
-1.48975
-1.29172
-1.8597
-0.659202
-1.00192
1.50176
-1.12897
-1.54785
-1.91352
-2.25464
-0.868108
-1.31353
-1.47745
-1.25075
0.114009
-1.39606
-1.31877
-1.35694
-0.362393
-1.71236
-1.04194
-0.126928
-1.19992
-0.516818
-1.98149
1.16625
-1.47581
-0.659582
-1.70449
0.748524
0.709161
-0.327114
-2.12718
0.860626
-1.83058
-2.93464
-2.17785
0.475589
1.27618
3.12879
2.6947
0.765516
1.24424
0.34069
0.774438
0.147686
-1.22131
0.45536
-0.946485
-1.96286
-1.7244
-0.801074
0.430489
-1.65485
1.20166
0.860225
-0.274914
0.844736
0.930554
0.333155
0.654401
0.13275
-1.22067
0.301354
-1.73622
-1.69345
-1.89351
-1.41127
-0.522485
-0.854946
-1.73992
-2.41228
-0.96212
-1.49857
-1.35102
-1.70886
0.261318
-1.665
-2.14236
-0.635813
-1.83789
-2.61237
-1.19745
-2.9126
2.36055
-1.42343
-2.69384
-0.742898
-1.53527
0.00641498
-2.36138
-1.88373
-1.15452
-0.228915
-1.28431
1.55813
-0.669776
-1.55471
-2.53122
-0.570416
-0.669951
-0.826582
-0.0193742
-0.120639
-1.33559
-1.8959
0.0842143
-1.94182
-1.00196
-0.695968
0.639309
-1.47575
-1.94481
-0.702115
-1.32793
-1.50651
-1.13305
-1.24949
-0.694876
-0.717337
-1.38834
-0.410958
-1.37653
-1.77023
-2.07933
-0.772135
0.221111
-1.15046
-2.26105
-0.476233
-0.934152
-1.84847
-1.53726
-0.864509
-0.0812796
-1.19348
-1.15054
-1.54337
-0.909374
-1.45524
-0.438914
-0.963036
1.11191
-1.77163
-1.11734
-2.25142
-0.562749
-2.52247
-0.183231
-0.470351
-1.76444
-0.306216
-2.10883
-1.24863
-1.20467
-1.52977
-2.01982
1.88722
-0.866351
0.50427
-1.92333
-0.704535
-2.26125
-2.10023
-2.03608
2.49671
-1.37043
-0.463481
1.83583
-3.07194
-1.10057
-1.64197
2.15582
-1.13537
-0.723588
-1.38704
-1.26096
-1.96303
-0.119319
-2.12343
0.0565362
-1.73135
-0.958667
1.24491
-1.45068
-1.12047
-2.22944
0.169408
-1.29324
-1.57927
-1.3675
1.43193
-1.29914
-1.94866
-1.67689
-0.494954
-0.163851
-0.446945
-0.949746
0.865445
-0.806974
-2.29138
-1.60933
-1.62109
1.63421
-1.82578
-0.199502
-0.760973
0.414
-2.01607
-1.31847
-2.15984
3.16116
-2.06198
-1.67952
1.72763
-2.65469
-2.99015
-2.23574
-0.611362
-0.81665
-0.171129
-1.88547
1.59554
-1.87356
-1.78675
-2.16297
-1.56645
-1.77851
-1.20611
