-1.35779
2.70698
-0.813921
-1.24184
0.48023
-0.0477363
2.84318
2.29833
-0.572567
-1.57389
-1.94857
-0.751072
-1.34257
-2.48463
-0.82113
1.84705
2.33977
0.553927
1.90217
0.730005
0.365158
1.3811
0.954858
-0.432653
1.15606
-1.95686
-1.17798
-0.968679
-1.92164
-1.92195
-0.876093
1.2686
0.918117
-1.7625
-2.92314
-1.61602
-0.91753
-1.46855
-0.226818
-0.921208
-0.482785
-1.16477
-1.27017
-1.82297
-0.0954813
-2.47214
-1.0466
-1.01005
0.272066
-0.273038
-2.51506
-1.16029
-1.23413
-0.731292
-1.56804
-0.155907
0.363493
-1.16084
-2.02117
-0.456439
-1.99423
-1.72153
-1.76612
-1.19532
3.44774
0.326424
0.0456486
2.38527
-0.0663646
1.14635
0.21314
0.0586282
-1.51468
-1.80003
-1.49398
-1.49212
-2.03365
-1.00951
-1.20659
-0.563219
0.977758
1.33396
-0.117733
0.0782711
-0.0558455
1.02309
0.691428
0.305219
-1.44625
-1.13938
-1.18851
-2.41746
-1.95309
-1.46881
-1.30563
-2.42574
-2.16215
-0.937269
-0.986867
-1.60407
-2.50575
-2.23491
1.99711
-2.3134
-0.888307
-1.90744
-0.947048
-2.01784
-1.11058
-2.55795
0.380775
-1.68422
-2.19361
0.476328
-1.78989
-1.75217
-2.16574
-0.465296
-1.05856
-1.11403
-1.14988
0.924964
-2.06086
-1.43324
-2.32255
-0.575774
-0.307069
0.113425
1.32758
-1.76594
-1.70248
-1.46955
-2.28345
-2.31484
-1.30083
-0.148015
-0.26278
-1.54914
-2.49867
-2.20219
-0.903034
-2.41535
-0.511361
-0.0495594
-0.0932944
-1.79972
-1.92476
-1.30977
-1.4385
-1.37266
-2.17824
-1.76687
-0.948639
-0.234873
-2.44779
-0.873037
-1.18844
-2.24582
-1.14815
0.304942
-0.412273
-1.99765
-1.46403
-0.933712
-0.896183
-1.98815
-1.28891
-0.92277
1.25821
-1.87594
-2.24445
-1.47455
-0.232646
-2.18169
-0.00843875
-0.558826
-0.472199
-0.328617
-1.77547
-0.838406
-1.04431
-1.77307
-2.14682
-0.647621
0.00567565
-1.06562
-1.92287
-0.810991
-1.93513
-1.70849
-1.95223
1.80342
-1.19419
0.910788
2.07902
-2.73259
-1.73166
-1.87947
1.48569
-1.44009
-1.18273
-1.68326
-0.349059
-1.79926
-1.3619
-2.30185
2.02508
-2.43302
-1.62143
-0.0716569
-0.615018
-0.526204
-2.49715
-0.446791
-2.17708
-1.59743
-1.64781
0.988288
-1.28473
-1.37357
-1.82042
-0.727553
-0.0889809
-0.0467968
-0.983133
-0.251652
-0.921768
-1.89614
-1.63752
-1.22989
0.863774
-1.40269
-0.769023
-0.440196
0.00448344
-2.20024
-1.28481
-1.48175
2.01631
-1.57424
-1.79777
0.531925
-2.59465
-1.58122
-2.31246
-0.573306
-1.27622
-0.491306
-2.35892
1.97837
-1.33124
-2.21087
-2.06848
0.536893
-0.509727
-0.309163
