-2.28945
0.264546
-1.49062
-0.771912
0.736581
1.36788
3.14751
3.09519
-0.0968158
-0.495417
-0.820223
-1.81055
-1.58077
-1.87865
-0.445744
-0.695368
3.24478
2.18489
3.01004
0.889172
0.427836
1.39207
1.51034
0.851133
-0.22772
-1.64508
-1.93293
-1.75823
-1.74353
-1.82331
-1.31967
1.24826
-1.61011
-2.05608
-2.15922
-1.10729
0.31677
-1.48308
0.258621
-1.97471
-2.48211
-1.67813
-1.54892
-2.16347
-1.31345
-2.0363
-0.655018
-2.10259
-2.42975
0.189976
-2.41509
-0.92292
-1.73088
-1.58248
-2.30088
0.198341
-0.0775307
-1.84559
-2.14967
-1.59159
-2.23632
-2.34143
-2.33638
-1.58912
2.58248
-0.455409
0.0352984
1.57508
-0.346797
1.44079
0.162671
1.32993
-0.833435
-1.7366
-0.47444
-1.88101
-1.80501
-1.85617
0.59125
-0.859493
2.29002
1.296
0.214679
-0.0552196
0.703564
0.769842
0.81606
0.644377
-0.887062
0.97266
-1.5084
-2.65091
-2.09117
-1.60168
-0.13965
0.19227
-0.330542
-0.18066
0.186021
-1.96444
-0.965684
-2.41504
-0.435224
-1.72008
-0.694421
-1.77007
-2.81732
-2.15704
-0.50881
-2.08132
0.933339
-0.743903
-2.13166
1.00248
-0.766711
-1.17361
-2.34731
-0.47434
-0.414
-1.4753
-2.00033
0.732682
-1.70227
-2.02809
-1.75862
-0.323374
-0.398646
-1.3336
1.86469
-1.81963
-1.79407
-0.655526
0.157457
-2.28838
-1.00563
-0.146507
-0.280093
-1.34182
-2.08532
-1.33852
-0.537524
-1.94275
0.890537
0.603508
-1.17329
-0.234296
-1.56935
-0.874374
-1.04407
-1.41057
-2.02172
-1.40206
-1.05622
-2.03169
-2.1747
-0.0747487
-1.11254
-1.63672
-2.18914
1.64531
0.733741
-1.08269
-1.11203
-1.52661
-0.165381
-1.93495
0.683459
-1.26152
1.97022
-1.10018
-1.84051
-1.64608
-0.559262
-2.22494
-0.541842
-1.2699
0.364878
-0.292171
-2.03505
-1.49276
-2.18237
-1.18767
-1.92671
0.0988129
-0.930113
-0.673591
-1.68277
-0.593587
-0.804909
-0.682782
-2.30908
1.99527
-1.89725
0.651746
0.474522
-2.0321
-2.16217
-1.55674
-0.597084
-1.43192
-0.937164
-0.666417
-0.695029
-1.97248
-1.56559
-1.80689
1.14978
-2.15619
-1.1651
-0.487864
-1.11736
-1.31536
-1.80907
0.102124
-3.53364
-0.443508
-0.954768
1.6478
-1.36111
-2.21043
-1.91584
-1.41357
-1.54342
-1.46729
-1.40989
0.191009
-1.38035
-2.25082
-1.67001
-1.02494
0.520338
-1.99571
-1.28824
-0.579465
-1.15052
-2.36086
-1.94151
-1.3763
2.06216
-2.67964
-1.33519
1.15971
-2.42367
-2.43968
-2.18587
0.0477338
-1.2091
-0.205755
-1.61302
2.01001
-2.75954
-1.9094
-2.06373
-0.76585
-1.28068
-2.3053
