2.68519
-1.00999
-1.32405
-1.44084
0.82256
0.977378
2.94463
3.07446
-1.10007
-1.10636
-1.3864
-2.10426
-1.4401
-2.69592
0.330199
-0.844771
1.38588
2.31651
0.931678
2.91483
1.70622
0.0707862
0.175079
1.93611
-2.23464
-2.08411
-1.93276
-0.743725
-2.06011
-2.69103
-0.766832
-0.775434
0.996957
-1.00215
-1.68751
-1.1231
-0.736059
-2.0485
-2.76871
-1.6108
1.92772
-2.28626
-1.68885
-2.07958
-2.21972
-2.20799
-0.33787
0.00726741
-0.84691
-0.279049
-1.9037
-0.42438
-1.94692
-0.690554
-1.11402
1.59496
-1.7924
-1.71305
-2.29289
-1.39113
-2.35066
-1.86498
-1.41482
1.13228
1.05665
2.72801
2.73218
0.569439
1.39269
1.15641
0.337417
0.550544
-0.0964419
-0.0827927
-0.21463
-1.54773
-2.32192
-1.56699
-0.155654
-1.45848
1.47398
0.997563
0.206117
0.708218
0.939531
-0.0502492
0.448527
1.21868
-1.91103
0.0783566
-1.70053
-2.00953
-1.78704
-1.16289
-0.276473
-0.689785
-1.87525
-1.27228
-1.07963
-1.83563
-0.865943
-1.77829
0.57606
-2.14308
-0.244214
-0.737116
0.357137
-2.05645
-1.52963
-2.04374
0.423621
-1.7226
-1.92305
1.04122
-1.229
-1.30425
-1.16578
-0.0890786
-1.00068
-1.26048
-1.39268
0.590961
-2.10322
-1.20194
-2.08871
-1.66471
-2.25687
-0.129059
-0.506477
-0.408564
-0.609719
-0.883945
-0.529939
-1.50258
-1.22903
-0.857873
0.170513
-1.70594
-2.1444
-1.46829
-0.900943
-2.42471
-0.935179
-1.48309
-1.94166
-1.74151
-1.4135
-1.71306
-1.09192
-1.92276
-1.79363
1.57075
0.386003
0.173106
-2.29186
-0.695148
-0.216927
-0.577338
-1.20784
0.429358
0.512395
-2.12238
-1.12206
-2.0266
-1.14897
-1.78405
0.840313
-1.2323
1.539
-1.83423
-1.66582
-1.34058
-0.596085
-1.95888
-0.709749
-1.25047
-1.25481
-1.42135
-1.9883
-1.52244
-1.30518
-1.47911
-1.80967
1.98851
0.640913
-0.142549
-2.25606
-0.398273
-1.93298
-1.6518
-2.25259
2.12076
0.217031
2.50463
-0.170045
-2.27925
-2.24378
-0.515114
-1.05639
-0.478237
-1.56774
0.526369
0.835019
-2.25267
-1.6108
-2.15795
0.0555854
-1.67352
-1.49686
0.216027
-0.601443
-1.67625
-2.41969
-1.12456
-0.104715
-1.77821
-0.36029
0.0539381
-1.82521
-1.67578
-1.00688
0.324617
-0.54386
0.11663
-0.904319
-1.87257
-1.73015
-2.11301
-1.67027
-1.49786
-0.150353
-2.16425
-0.423244
-1.20044
-1.78472
-2.48828
-1.29561
-2.12516
2.27445
-1.71499
-2.26445
0.105903
-1.92773
-1.60077
-2.09082
-0.530372
-1.25744
-1.63149
-2.46114
2.75417
-2.07653
-2.30191
-2.30048
-0.765612
0.264538
-0.47
