3.55709
-0.60075
-0.0296988
-1.2355
1.58178
0.784053
2.78797
2.25625
-1.43363
-0.879037
-1.67489
-1.15931
0.0611351
-2.29605
1.49851
-0.738003
0.60388
3.37409
0.746888
2.94323
1.44412
0.173779
0.301997
1.18095
-0.304573
-0.345376
-0.829246
-0.820211
-1.49567
-1.55873
-1.28866
1.04538
-0.16089
-1.15506
-2.20259
-1.63018
-1.40466
-1.44636
-1.07818
0.0445375
-0.0765771
-1.14907
-1.71759
-1.17295
-1.02276
-1.183
-1.75194
-2.08719
-1.57044
-0.301619
-2.91453
0.413048
-2.49288
-0.808832
-2.54275
0.766345
-0.760959
-0.856889
-2.43719
-0.63691
-1.14953
-1.57621
-1.75409
1.11692
0.896186
2.86988
3.03986
0.545322
1.35473
-0.0377899
1.65259
0.586529
-1.87618
-0.716842
-1.30172
-1.40419
-2.16194
-1.99476
0.268434
-1.7198
1.44384
1.04607
0.0786231
0.283842
0.702173
1.20472
0.226996
-0.165545
-1.71092
-1.35114
-1.77131
-1.69716
-2.23039
-0.0255824
-0.79171
-1.51647
0.429012
-1.83986
-2.12626
-1.47428
-1.40849
-2.44648
0.169585
-2.43981
-0.435138
-0.101845
-1.02509
-2.24014
-1.19575
-1.12218
1.10002
-0.979782
-1.61307
-0.317248
-2.00796
-0.581375
-2.25484
-0.217948
-1.07761
-1.76341
-0.979131
0.662778
-3.21096
-1.64395
-2.10784
-0.533564
-1.11874
-1.12003
0.394004
-0.791038
-1.63615
-0.725938
-0.945071
-1.52437
0.41631
-1.21857
-1.89506
-0.860105
-2.11913
-1.54292
-1.49066
-2.04344
-0.339325
-1.03915
-0.83514
-1.34941
-1.91982
-0.750958
-2.37243
-1.63879
-2.17911
-0.921973
-0.82767
-1.4931
-2.19397
-0.408159
-0.259386
-1.65372
-1.54267
1.00465
0.443051
-1.69941
-0.846032
-1.21225
-0.141377
-2.59386
-1.00838
-1.20017
1.59626
-2.78455
-2.66295
-2.38817
-0.486562
-2.04878
-0.448827
-1.04582
-0.156856
-1.63237
-2.12375
-0.915823
-1.30633
-2.60883
-1.75858
0.376643
-0.818882
-1.36836
-2.38547
0.0855886
-1.90034
-2.24164
-1.38116
1.80293
-1.22455
-0.301639
-0.979631
-2.76073
-2.32266
-0.20919
0.28633
-1.70563
-1.82236
-0.384272
-0.0232444
-2.11384
-0.984175
-2.02976
0.78358
-1.69577
-1.85372
-1.17827
-0.238533
-2.1033
-2.28397
-0.536634
-1.32884
-3.24032
-1.26932
-0.45713
-0.980932
-2.57732
-2.21192
-1.50761
-0.487944
-0.361484
-1.61601
-1.35343
-1.28411
-2.11359
-1.82094
-1.3749
1.92328
-1.81769
-0.358119
-1.10583
-0.767554
-2.04652
-1.21148
-1.80162
2.10865
-1.30373
-2.54446
2.46288
-2.36609
-1.86817
-2.29606
-0.807072
-1.11607
-0.870745
-1.33128
2.38739
-1.44445
-1.58818
-1.75286
-0.863853
0.236145
-0.393526
