2.96156
-0.653262
-0.338831
-2.42913
1.65873
-0.14781
2.34509
1.96873
-0.864984
-1.28744
-1.82124
-1.56791
-1.44753
-3.31857
-0.3659
0.370932
0.887402
2.7704
0.717495
2.83793
1.48974
0.200414
0.0196456
1.40141
-0.511996
0.0184518
-1.6644
0.906809
-1.84096
-1.61922
-1.43194
1.00128
0.148735
-1.09619
-1.19531
-1.692
-1.7035
-2.11654
-1.54453
-0.0141111
2.68891
-1.52554
-1.19319
-2.19198
0.474018
-1.42633
-1.60732
-1.28007
-0.859523
0.199461
-1.89609
0.476234
-1.84367
-1.12023
-2.28589
-0.0257126
-1.36462
0.283735
-2.37079
-1.19423
-0.980363
-2.00037
-1.40367
1.79804
1.23643
2.78008
2.77556
0.1392
1.63473
0.300091
1.74397
0.371839
-1.89929
-0.97623
-1.56775
-1.7411
-1.96854
-0.797278
0.176994
-1.77851
1.02064
0.657611
0.784867
0.850563
0.853837
0.190546
0.112465
-0.11856
-2.06789
-0.46454
-1.71036
-1.66012
-2.49791
-1.10823
-0.20109
-0.438049
-1.21136
-1.82494
-1.49613
-1.59395
-1.82286
-1.72955
-0.558885
-2.18064
0.196497
-0.155621
-2.12838
-2.06375
-1.47135
-1.55798
0.683251
-1.19436
-1.66503
0.584417
-0.709055
-1.3623
-2.17527
-1.47998
-0.145764
-0.886944
-1.32151
0.527477
-2.42973
-1.79229
-1.68533
-0.541765
-0.557377
-0.304141
-0.0728098
-0.759677
-0.791969
-1.26151
-1.01009
-1.52758
-0.651695
-1.50322
0.0204686
-1.81836
-1.02896
-1.25954
0.0152688
-1.81331
-1.0724
-1.8993
-1.39204
-0.818369
-1.53004
-1.1125
-1.88615
-1.40228
-1.96156
0.480464
-1.96676
-0.991064
-1.34365
-0.224267
-1.97625
-2.91722
-2.02275
0.330135
-0.247614
-1.8111
-1.51716
-1.9336
-0.686175
-1.9041
-1.273
-0.852862
1.94543
-2.09562
-2.05086
-0.800184
0.897583
-2.76823
-0.793531
-0.779276
-1.20241
-0.108453
-1.84471
-1.55421
-1.37401
-1.15824
-1.63809
-0.537367
-0.606595
-0.912283
-2.51455
-0.144896
-1.83133
-2.48225
-2.78319
2.04255
-1.28984
0.313764
-0.324216
-2.96746
-1.77335
-0.502574
1.38049
-1.28354
-1.31244
-1.41503
-0.856339
-2.07667
-1.75188
-3.14545
1.86225
-2.80136
-2.16472
0.32964
-2.04079
-2.49521
-2.42967
0.56049
0.119204
-0.104058
-1.1967
1.03964
-0.683392
-1.17537
-2.07547
-0.901577
-0.755584
0.014622
-0.302102
-0.124027
-1.10309
-1.95017
-1.76507
-1.29968
1.81471
-1.48706
0.392321
-0.494237
-0.727851
-1.93142
-1.4763
-0.807723
2.29116
-1.64382
-1.5278
0.286057
-1.47981
-1.97698
-1.94448
-0.820885
-0.92053
-0.739479
-2.0001
1.74145
-2.08405
-1.79637
-2.08304
-0.135798
-0.409787
-0.577862
