1.51993
-0.875513
0.0191345
-0.516282
0.549055
0.916284
2.31467
2.81083
1.40023
-2.13705
-1.86524
-0.970471
-0.725542
-2.05995
-0.224721
-0.210646
0.967684
2.19909
0.309344
2.99577
1.54646
0.377148
0.507866
1.35619
0.460916
-1.57307
-1.5153
-0.31166
-2.46477
-1.74176
0.110631
-0.610281
-0.653455
-1.75168
-2.43129
-1.88308
-1.67366
-1.63099
-0.937612
-0.916625
0.194193
-1.768
-1.5765
-0.806111
-0.407521
-1.52426
-1.97603
-1.33381
-1.80011
-0.683784
-3.08698
0.107336
-2.46532
-0.457184
-1.35091
0.711091
-0.598717
-1.13017
-2.17025
-1.81199
-2.24894
-2.33939
-2.21446
0.465625
0.94675
2.61853
2.8201
0.980377
1.21348
-0.14938
0.660933
0.268672
-1.49155
0.07782
-0.772977
-2.09166
-2.23098
-1.84438
2.32673
-1.42806
1.23054
1.76127
0.184672
0.108437
0.960113
-0.00851154
-0.908048
0.795769
-1.74946
-0.250361
-2.70961
-1.43695
-2.37362
-1.31005
-0.676407
-1.5261
-1.12545
-1.48837
-0.945383
-2.55988
-1.3854
-2.47438
1.02975
-2.81571
-0.650105
0.187234
-0.234698
-2.02412
-1.88432
-2.28369
0.117785
-1.57447
-2.10019
0.793194
-1.40591
-1.58592
-1.81744
0.404352
-0.548914
-0.304024
-1.38401
-0.584663
-2.1722
-1.87307
-2.58058
-1.13289
-0.16577
-0.590535
-0.669637
-1.72135
-0.550252
-1.73969
-1.24194
-2.00682
-0.320824
-0.505758
1.71064
-1.18626
-2.24734
-1.52082
-0.915485
-2.20014
-0.0543403
0.142241
-1.73603
-1.30501
-1.66079
-0.584239
-0.745058
-1.85104
-1.7331
0.919495
-0.438343
-0.685401
-2.16236
-1.09679
-1.81769
-2.07452
-1.24922
-0.00929511
0.563328
-1.81467
-1.15504
-0.394862
-0.3036
-1.90485
-1.63655
-0.402421
1.45644
-1.51691
-0.772581
-2.51656
-1.59483
-2.10804
-0.873065
-1.05772
-0.458484
-0.132178
-1.94376
-0.659709
-1.15981
-0.958092
-1.92147
2.08963
0.143372
-0.576531
-2.65358
-0.526735
-2.26604
-1.55101
-1.62675
2.32842
-1.3015
0.367921
-0.201851
-2.4975
-2.03262
-1.58043
1.17086
-1.56406
-0.482509
-1.18369
-0.202737
-2.17196
-2.35064
-2.19175
0.929425
-1.65702
-1.59463
-0.218345
-1.41092
-2.08478
-2.3815
-0.773186
-2.12521
-0.293837
-1.45151
0.117529
-0.995211
-1.67796
-2.25243
-0.708004
-1.16691
-0.773549
-1.37451
-1.32614
-1.89366
-1.95313
-1.11344
-1.55948
1.07093
-1.35956
-0.17542
-0.957905
-0.53869
-2.18186
-1.06061
-1.63431
2.57361
-2.28778
-1.55253
2.03581
-2.53262
-2.52813
-1.86597
0.607372
-0.839843
-0.16206
-1.50404
2.42088
-1.59177
-1.19455
-2.21537
-0.62297
-1.23396
-0.928715
