-0.802758
2.45969
-1.81749
-0.434997
-0.265568
1.23366
2.02348
3.06854
1.00705
-2.19949
-0.537365
-2.12007
-0.283846
-2.92227
0.595822
0.377074
2.86357
0.423226
3.00493
1.02723
-0.183799
1.37298
-0.0837287
0.27288
-2.12391
-0.128511
-2.55614
-0.0432627
-2.05273
-1.10562
-1.45831
-0.51877
0.889847
-1.95229
-2.09407
-1.49689
-1.06012
-2.13872
-0.99013
-1.19464
1.28661
-1.42029
-1.90806
-1.44171
-1.29201
-1.89762
0.373309
1.03443
-1.46847
-0.584138
-2.15126
1.80961
-2.12263
-0.846944
-1.50024
0.876925
-1.17057
-1.78138
-2.26081
-0.872389
-1.87951
-2.23285
-2.72034
1.03078
2.46653
0.919312
0.654365
2.33234
0.0198687
1.64663
-0.0945486
1.2741
0.0497225
0.028048
-1.13117
-1.13097
-2.1118
-1.96384
0.136307
-1.25883
1.46917
1.29871
-0.104198
0.0675737
0.022661
0.890744
-0.1614
1.15248
-1.36071
-0.877358
-1.97799
-1.66277
-2.30406
-0.626612
-0.468424
-0.929379
-1.50399
-0.305111
-2.20555
-1.42083
-1.42966
-2.42717
-0.223204
-1.86384
-0.644519
0.494619
-1.73646
-2.07404
-1.26125
-1.07034
-0.663858
-1.23249
-2.57096
-0.14305
-1.86931
-1.64634
-2.09021
-1.22995
-1.40196
-0.163977
-1.42864
0.833069
-1.37437
-1.25585
-2.17709
0.42154
-0.157213
-0.682217
0.674348
-2.1775
-1.68718
-1.69725
-1.67636
-2.11659
-1.59998
-1.25291
2.23083
-1.52332
-1.91551
-0.367549
-0.494104
-2.13839
-1.06006
-1.53916
-1.1016
-1.0088
-1.69492
-0.737447
-2.30658
-2.0568
-2.14842
0.538486
-0.893816
-1.3435
-1.87557
-1.04974
-1.49852
-3.00701
-1.32184
0.304861
0.201976
-2.14878
-1.49141
-0.904579
-0.802529
-2.08718
-0.851479
-1.37831
2.08186
-1.73354
-1.79979
-2.02983
0.110787
-2.21628
1.17092
-1.69367
-0.116515
-0.471619
-2.14902
-0.976767
-0.858293
-1.49521
-1.56118
1.12601
-0.892577
-0.77236
-1.7285
-1.22143
-1.84894
-1.59782
-1.59854
1.77977
-1.42462
0.796493
1.40191
-2.13274
-2.18974
-1.19399
-0.236339
-1.33118
-1.10594
-0.665194
-1.26412
-1.62404
-1.17733
-1.46958
-0.565446
-2.07128
-1.31184
1.80477
-1.3229
-1.28106
-2.19873
-0.802278
-0.4838
-0.339573
-1.61648
1.1359
-1.07783
-2.42884
-1.56255
0.192319
0.452926
-1.16335
-1.05286
-0.668831
-1.18096
-2.74948
-1.73159
-0.870264
1.28791
-2.2105
0.14232
-1.24235
-1.00749
-2.07756
-1.35022
-1.86534
2.20096
-1.76338
-1.89379
3.63095
-2.44259
-2.2717
-2.04297
-0.173834
-0.559815
0.0444431
-1.00298
0.868996
-1.75613
-1.82373
-1.97853
-1.61456
-1.06745
-0.168623
