1.19652
0.892843
-0.787825
-0.0406502
2.2333
0.328323
2.72453
2.07847
-0.0909858
-2.35085
-2.27706
-1.7561
-0.971209
-3.41382
0.483862
-0.52699
0.508945
2.63053
0.931853
3.17402
1.36778
0.634282
0.656648
1.50388
-0.0609464
-0.982952
-1.89764
-0.86429
-2.06586
-1.15395
-1.14171
0.26169
-0.790061
-1.68247
-0.741515
-2.30781
-0.839127
-1.08467
-1.03261
-0.547988
-0.256014
-1.35809
-1.03418
-1.59378
0.0825101
-1.8111
-0.781701
-0.370561
-1.86579
-0.426062
-2.31618
0.0264279
-1.51075
-0.898322
-1.56676
-0.601169
0.137621
-1.75581
-2.58807
-1.43501
-1.59496
-2.41519
-1.87384
0.751409
1.56346
2.96155
3.07414
0.339412
1.47545
0.552315
0.907273
0.210966
-0.731015
-0.270753
-0.428102
-1.46948
-2.14596
-1.693
1.75682
-1.39477
1.21568
0.845175
0.883665
0.0741011
0.684009
-0.141108
0.249197
0.74179
-1.77948
-0.788901
-1.8719
-1.50955
-2.42201
-1.02864
-0.449371
-0.65163
0.179992
-1.34381
-1.60739
-1.92906
-1.81371
-2.14176
-0.0525944
-1.66066
-1.09898
-1.64863
-0.480696
-2.4842
-1.37568
-1.22449
0.838464
-1.64409
-1.92105
-0.610269
-1.53959
-1.55466
-1.8803
-0.464849
-1.34969
-0.286477
-1.12128
2.60131
-2.20533
-1.05866
-1.61316
-0.642426
-1.11592
-0.647184
-0.699187
-1.20962
-1.6705
-0.886013
-0.6451
-2.00079
-0.567838
-0.489531
0.494852
-1.50434
-2.05755
-0.83974
-1.29323
-1.78832
-0.647735
-1.71558
-0.0263301
-1.53796
-1.53707
-1.32893
-1.18974
-2.17386
-1.32749
-0.771682
-0.379258
-0.276279
-2.21668
-2.06035
-0.82515
-2.08691
-1.12232
0.968311
1.03952
-2.44277
-1.42367
-1.26733
-0.31853
-2.16946
-1.22121
-1.43551
2.35094
-2.28005
-2.04469
-1.69815
-0.757172
-2.26461
-0.95131
-0.598611
-1.2828
-1.01062
-2.26072
-0.233
-1.51392
-0.954197
-2.17828
0.704875
-0.727404
-0.443253
-2.32
-1.32609
-0.32315
-1.53935
-1.20788
2.59759
-1.28737
-0.968774
1.93857
-3.06267
-2.10421
-1.2318
-0.507872
-0.511772
-1.41053
-1.59398
-1.59951
-2.16076
-1.88089
-2.10252
0.684769
-2.81938
-2.07607
1.6439
-2.11977
-1.82981
-1.50174
-0.876223
-0.868383
-0.491702
-1.69838
1.2513
-1.42483
-1.37809
-2.29899
-0.461773
-0.797492
-1.0013
-1.09609
-0.600429
-1.35762
-2.50412
-0.0266549
-0.675185
1.3298
-1.88572
-0.568829
-0.771559
-0.861559
-2.21231
-2.31962
-1.67402
2.33993
-2.06071
-0.912167
2.49428
-1.73102
-1.84962
-2.07998
-0.51805
-1.50485
-0.113719
-1.19619
2.79948
-1.93496
-1.84737
-2.01311
-0.866769
-0.692891
-0.792797
