-1.53497
1.83102
-1.01205
-0.172391
0.584675
1.53056
2.92835
2.91326
-1.15345
-2.14464
-1.55261
-0.650746
-1.3079
-2.59932
0.435631
-0.350185
2.75751
0.907772
2.09445
0.31463
0.0700659
1.24922
0.967647
-0.0799032
-0.521793
-1.27246
-2.12979
-0.622126
-2.16003
-1.80514
-0.632238
-0.74013
-0.229878
-1.83282
-1.33491
-1.39347
-1.2488
-2.07464
-0.48975
-1.56602
1.15622
-1.80249
-1.47699
-2.82027
-0.244441
-2.1271
-1.00518
0.278041
-2.02626
1.34251
-3.21606
-0.187349
-0.731899
-1.406
-1.44607
0.711291
0.672877
-0.714414
-2.08896
-1.23267
-1.66315
-1.94051
-2.1764
2.56678
2.686
0.861556
1.21941
2.85108
-0.194696
1.30468
0.658769
0.699377
-1.0261
-0.536468
-1.3629
-1.52305
-2.31433
-2.48617
-1.45959
-0.238239
0.909217
1.54677
0.292461
-0.203849
0.379211
0.826406
-0.0701532
0.253472
-0.390552
0.239698
-1.31165
-1.95404
-1.78077
-1.07953
-0.975992
-1.01244
-2.08145
-1.36718
-1.76709
-1.77221
-1.66028
-1.82978
0.292322
-1.782
-0.0485197
-0.507999
-1.39604
-2.17697
-1.02044
-1.74138
1.67585
-0.993308
-1.57808
1.54592
-0.7718
-0.815199
-2.04201
-1.51307
-0.867767
-1.49076
-1.25426
-0.597263
-2.01589
-1.40021
-2.03308
-0.0975003
-1.61831
-0.261988
0.56181
-0.943074
-1.79247
-1.36916
-1.69513
-2.10205
-0.527871
-0.813158
-1.39124
-1.19704
-2.6277
-1.74609
-0.286272
-2.73231
0.293531
-0.505995
-1.40286
-0.333553
-2.51258
-0.773753
-1.26729
-2.67482
-2.06684
-0.293642
-0.241247
-0.564107
-1.56868
0.490896
-1.57751
-1.99981
-1.53538
-0.204777
0.38978
-1.77521
-1.51235
-0.738267
-0.331682
-2.2253
-0.766842
-1.76899
0.956645
-2.28906
-1.62855
-2.00325
-0.311323
-2.16839
-0.490715
-0.874391
-0.388295
-2.45602
-1.85773
-1.4564
-1.50738
-1.2281
-2.06979
2.20393
-0.359349
-1.03688
-2.4117
-1.37094
-2.48495
-2.14714
-1.075
3.19599
-0.372895
-0.575667
1.04173
-2.89094
-2.0652
-0.758492
2.01267
-1.33905
-0.663723
-1.08099
-0.765164
-2.03664
-1.5847
-1.95909
0.570758
-2.05968
-1.592
2.46613
-1.46001
-1.89602
-2.57418
0.134763
0.550468
-0.664194
-0.694963
0.342031
-0.751513
-1.70456
-2.34274
-0.104137
-0.442155
-1.26976
-0.727019
-0.742453
-1.06278
-2.43357
-1.3403
-2.03847
1.55727
-2.08912
-0.575137
0.366805
-0.657049
-1.98364
-1.60037
-2.16641
1.38958
-1.40375
-1.22275
2.28169
-1.44551
-1.23472
-1.96855
-0.829486
-1.46285
-1.33122
-1.36206
2.94529
-2.20818
-1.76434
-1.66434
-1.08351
-1.34545
-0.657443
