0.647529
-1.08846
-1.60857
-0.221956
1.66463
0.303666
2.23851
1.77059
0.401833
-0.713524
-0.642999
-1.18906
-1.39499
-2.06792
-0.249014
0.350851
1.13744
2.59542
0.772701
1.85041
1.45933
-0.0326922
0.582901
0.602232
0.265552
-1.8181
-1.75311
-1.27653
-0.150107
-1.9552
-1.55399
-2.0351
3.28145
-2.38406
-1.78076
-1.52106
-1.90198
-2.00983
-1.63358
-0.266177
0.462338
-1.3238
-1.44644
-2.3475
0.46127
-2.08422
-1.06371
0.694806
-2.37639
1.5785
-2.82866
-0.54696
-0.710325
-1.01721
-2.52978
1.05003
-0.923635
-0.331853
-2.6413
-0.76247
-0.920456
-2.35577
-2.60296
0.633718
1.08371
2.58644
2.89951
0.725318
1.76551
0.888241
0.865891
-0.0649804
-0.700787
-2.55867
-0.948767
-1.50388
-2.04035
-1.69878
0.589791
-0.937211
1.49496
0.323588
0.363548
-0.173852
0.737902
0.163999
0.126711
0.541327
-1.89053
0.516159
-2.58159
-1.71571
-2.20481
0.198779
-1.90506
-1.44753
-1.22568
-1.99536
0.0636145
-2.34757
-1.67175
-2.13292
-0.328239
-2.56942
-0.322005
-0.526151
-1.73035
-2.29083
-1.40607
-1.82986
-0.731797
-1.42364
-1.93149
0.221644
-1.69993
-1.48767
-2.25955
-0.830387
-0.682632
-2.11605
-1.1263
-0.252049
-1.73775
-1.65011
-1.93178
-1.85664
-0.710685
-0.701946
0.864024
-1.31621
-1.10601
-2.70587
-2.15402
-2.29484
-1.14349
-0.732071
-1.00836
-1.66002
-2.22849
-1.72009
-0.936376
-2.05212
-0.664752
-2.22515
-2.36447
-1.23996
-1.86093
-3.1299
-1.16692
-1.79068
-1.90393
-1.44712
-0.772269
-1.13341
-1.71018
-1.22811
-1.85664
-1.68211
-1.58153
1.97775
-0.535741
-1.35087
-1.59891
-1.53031
-0.525227
-2.16198
-1.27145
-1.90515
1.61339
-1.83706
-1.52109
-1.24587
-1.15305
-1.84387
-1.18134
0.249494
-0.850171
-1.41334
-2.09131
-1.25434
-1.74948
-0.643126
-1.40314
1.13036
0.262802
-0.65089
-1.57005
-0.445159
-1.6613
-2.57493
-1.81447
2.31261
-0.38301
-0.629186
0.992422
-2.03316
-2.41901
-0.0115412
1.22435
-1.52673
0.627561
-1.54191
-0.0584214
-1.76555
-2.029
-2.10415
0.139089
-2.45277
-2.27089
1.3693
-0.939961
-1.07608
-2.3126
0.30436
-0.164437
-0.769869
-1.69364
1.4854
-0.517085
-1.20344
-2.25079
-0.458531
0.81528
-0.0247277
-1.06949
-1.25414
-1.98552
-1.69116
-1.51878
-1.24493
-0.933989
-2.23862
0.795534
-1.49997
-0.323209
-2.2192
-0.458234
-1.91682
1.8426
-1.09036
-0.842411
1.35243
-1.86803
-1.47604
-2.23122
-1.13346
-0.360492
-0.278549
-1.98765
2.32657
-1.53774
-1.88537
-2.10575
-0.252526
-1.19368
-1.56653
