-1.31738
1.92754
-1.50596
-1.00756
0.114091
1.64881
2.0467
3.17791
1.14709
-2.87277
-2.46217
-2.019
-2.47839
-2.44896
-1.25202
-0.321464
2.61788
0.251837
2.24307
-0.0122392
0.53933
1.49944
1.7634
-0.317632
-0.981157
-0.384614
-2.37545
-1.641
-0.809925
-1.25093
-1.582
-0.238005
-0.337867
-1.66195
-1.76979
-1.54486
-0.892945
-1.56653
-1.76602
-1.4313
-0.292543
-1.65164
-1.49218
-0.648202
-0.890221
-1.97653
-1.01408
-0.153719
-1.65512
-0.32816
-2.04624
-0.0783609
-1.24709
-2.16014
-1.08819
0.556289
-1.26877
-1.855
-1.68829
-1.04914
-2.33445
-2.83015
-2.26826
-0.0236621
2.19591
1.09165
0.100536
2.53201
-0.00629496
1.30842
-0.12154
0.680065
-1.71163
-2.37506
-1.78213
-2.95934
-2.69128
-2.04288
0.610257
-1.87447
1.00948
1.26759
0.273897
0.37233
0.0533553
1.01384
-0.0377067
0.40046
-1.40283
0.469975
-1.31249
-2.40265
-2.0674
-0.43418
-0.58121
-0.896268
-1.05905
-0.255101
-1.98856
-1.15656
-1.52633
-1.43026
1.78716
-1.54354
0.389395
-0.850437
-1.36259
-1.24139
-1.63349
-1.44906
0.327134
-0.937265
-2.18012
0.0324904
-0.930803
-2.09626
-1.49562
-1.97464
-1.81926
-2.0772
-1.29369
-0.87742
-1.88112
-1.50521
-1.97451
-1.41063
-0.441588
-0.623429
-0.424307
-1.27586
-1.73771
-1.61957
-1.82953
-2.40035
-3.34275
-0.662178
-0.903425
-1.02565
-1.94267
-1.98618
-1.48243
-1.79765
-0.173936
-1.78796
-1.69159
-1.93994
-1.81063
-1.49638
-1.00365
-2.62485
-1.81159
0.391883
-0.932193
0.0537053
-2.31816
-0.501804
-2.2482
-2.13269
-1.49666
1.54884
0.369634
-0.796565
-1.14851
-1.08176
-0.616507
-1.83353
-1.76069
0.697663
1.89027
-1.04664
-1.71146
-1.08996
1.0714
-1.58445
-0.97813
-0.644412
0.159638
0.296753
-2.03689
-2.11069
-1.06561
-1.41253
-1.78325
-0.129404
-0.383691
0.199272
-2.2118
-0.916891
-0.632042
-1.97231
-1.28513
2.48112
-1.2023
-0.146237
-0.0745182
-2.68768
-0.333746
-2.30082
-0.848371
-1.92698
-0.0399531
-0.792342
-0.941738
-1.77723
-1.36671
-1.76227
-1.17296
-1.53041
-1.98304
0.76097
-1.64555
-1.79214
-1.66403
-0.818803
-0.966257
-0.716127
-2.04798
0.109885
-1.71919
-1.95221
-2.35171
-0.653356
-0.244706
-1.20672
-0.86164
-1.58205
-0.510112
-2.58266
-0.698454
-1.06471
1.54106
-1.64865
-0.644653
-1.01983
-0.744063
-2.00954
-1.5251
-2.18737
1.89365
-2.21673
-1.82188
1.80407
-2.60626
-1.96899
-1.98364
-0.691784
-0.301321
-0.118676
-1.77641
1.25167
-1.95896
-1.85308
-2.19938
0.103511
-0.823511
-0.781863
