-1.69867
1.54558
-2.53905
-1.16304
-0.675154
1.98914
1.93993
2.82964
-1.37224
-2.4701
-0.958524
-1.69284
-2.21028
-2.61141
-1.06995
-0.726051
2.93202
1.00545
2.35921
0.515158
0.2017
1.53525
0.865482
0.185924
-2.51282
-1.91294
-1.36346
-2.81177
-1.6081
-1.63065
-1.14796
-0.0699007
0.482048
-1.63586
-1.99985
-1.24347
-0.622825
-1.42192
-2.60128
-0.163427
0.182086
-2.12758
-1.56473
-1.68211
-0.743182
-2.31697
-1.40519
0.168495
-1.33461
-0.670581
-2.26743
-0.564116
-1.98857
-0.67933
-1.32436
0.679233
-0.120182
-1.9016
-2.46841
0.165634
-2.17455
-1.76737
-3.38634
-0.246064
3.38844
1.42195
0.61976
2.84313
0.0992392
1.41789
1.06268
0.807878
-1.78885
-1.18432
-0.708621
-1.56269
-1.73085
-1.48432
2.02083
-2.03624
1.06111
1.06109
0.696934
-0.550779
0.193556
0.958603
0.0740532
-0.379172
-3.07543
0.581157
-1.24661
-3.0834
-2.38251
-0.730573
-0.129867
-0.903734
-0.71186
-1.70386
-1.51283
-1.42386
-2.36015
-1.81018
-0.610575
-1.91005
0.0784943
0.00604947
0.516376
-2.13424
-0.319804
-1.65569
0.896396
-1.2418
-0.801487
-1.80336
-0.804825
-0.0308938
-2.26548
-0.330987
-0.583927
-0.311701
-1.67253
2.37159
-2.04139
-0.655581
-2.27348
-0.738479
-0.787567
-0.487988
0.120538
-1.9189
-1.73571
-2.61624
0.496899
-1.62331
-1.41424
0.770341
0.0270898
-1.61706
-1.04708
-1.73614
-1.09197
-2.3623
0.0351199
-2.86276
-1.57604
-1.41774
-2.4172
-1.30988
-1.07772
-1.20022
-2.59843
1.91386
-0.0128659
-0.355477
-1.58852
-1.1647
-1.24752
-1.39407
-1.08129
1.29338
0.0963823
-2.05149
-0.971897
-0.859325
0.00628346
-1.97894
-0.578813
0.0785002
1.63263
-1.60939
-0.608591
-0.886138
-1.05979
-1.70927
-0.801913
-1.28503
-0.163447
-1.01643
-1.47875
0.018022
-1.07841
-1.22385
-1.69309
1.22455
0.307469
0.21213
-1.80008
-0.171191
-1.79448
-1.3801
-1.36417
2.41368
-1.30354
-1.01982
-1.41905
-1.91829
-1.13708
-0.830908
-0.0999493
-1.55688
0.498647
-1.31014
-1.72625
-2.68296
-1.51288
-1.41106
0.524319
-1.51347
-2.46314
0.333295
-0.717277
-1.6127
-2.09874
-0.551714
-1.69282
-0.506089
-1.28138
2.32002
-0.904858
-2.69917
-1.92034
-0.510157
-0.340999
-0.585188
-0.489392
-1.27052
-0.996925
-1.80291
-0.829665
-1.79198
-1.38492
-1.19047
0.271579
-0.737885
-0.660004
-2.62254
-1.05064
-2.42593
2.59144
-2.15572
-1.5106
0.423375
-2.04257
-1.98431
-1.64369
-0.578801
-1.1011
-1.66309
-1.78327
2.49045
-1.79408
-1.94964
-1.63959
-0.494774
-1.29272
-1.66824
