3.12735
-1.90953
-1.39242
-0.512081
1.31002
0.710122
2.70666
2.44244
-0.299669
-0.649559
-1.61353
-1.38379
-1.38222
-1.67732
-0.398596
-0.196858
1.65406
3.08903
0.386727
2.99348
1.56658
0.857471
0.949174
1.46075
-1.43992
-3.10205
-1.22599
-1.45134
-1.9649
-1.7811
-1.24834
1.58911
-1.18185
-2.23618
-1.94902
-1.86736
-0.884833
-2.52692
-1.12117
-1.76035
0.322455
-1.9328
-1.38932
-2.13451
0.737799
-2.03384
-0.731314
-0.403091
-2.1151
-0.514173
-2.86476
-1.49956
-2.78271
-1.03675
-2.04941
2.38776
-1.39193
-1.40133
-2.91864
-0.301675
-2.09843
-2.32539
-3.42938
0.626678
0.882635
2.31157
2.65449
0.722602
1.10473
0.0403966
0.591427
0.779085
-0.772761
-0.513232
-0.654792
-1.53428
-1.69608
-1.4524
1.30306
-1.16276
1.40761
1.87812
0.394529
0.15146
0.796577
0.0123757
1.24923
0.385071
-1.55389
1.13717
-1.45505
-2.88949
-2.0466
-0.508327
0.0196212
-0.109854
-1.06046
0.251318
-0.76496
-1.63995
-1.87585
-2.52331
-0.686271
-2.72286
-0.67946
-1.54647
-1.17144
-2.04274
-0.516284
-0.958862
1.89924
-0.796011
-1.91555
-0.571845
-1.61066
-1.71995
-2.02819
-0.559729
-0.15974
-0.610042
-1.33678
1.0595
-1.94824
-0.806596
-1.93106
-0.236007
-1.11431
0.0800096
-0.679278
-2.24429
-1.79028
-2.03744
-0.425299
-1.75689
-0.384665
-0.946251
0.383824
-1.55759
-1.31222
-0.855153
-1.12878
-1.84495
-0.861261
-1.13946
0.811322
-0.779987
-2.16008
-1.94754
-1.15072
-1.66547
-2.2603
-0.0196426
-0.00772057
-2.12193
-1.33421
-0.534601
-1.52506
-1.30741
-1.43037
1.61584
2.40733
-2.00162
-1.49161
-1.13244
-0.245629
-2.46153
0.698795
-1.34905
0.720163
-1.6583
-0.726719
-1.84864
-0.289205
-2.06959
-0.59421
-1.21349
1.00209
-1.08523
-2.05315
-1.1311
-1.57145
-1.90773
-2.14815
1.29699
-0.779093
-0.643994
-2.20607
-0.633638
-1.04708
-2.28354
-1.2303
1.05279
-1.74893
0.891558
-0.0631958
-1.87966
-1.5781
-1.04649
-0.326588
-1.47405
-0.741551
0.295705
-0.709085
-2.15664
-1.64167
-1.25291
0.0921989
-1.59568
-1.50756
1.24912
0.37146
-1.40792
-1.92348
0.045778
-0.407261
-1.43329
-0.933961
2.34068
-1.23338
-1.3404
-2.09856
-1.11971
-1.21069
-0.216684
-0.196183
-0.295815
0.1739
-1.30679
-1.46395
-1.16775
-0.792271
-1.66617
0.638749
-0.459952
-0.967859
-2.23747
-2.04379
-2.23744
1.95165
-1.6693
-1.88879
1.22734
-1.77208
-2.24088
-2.6136
-1.42228
-1.52619
-0.91531
-1.87335
0.716121
-1.90817
-1.88534
-2.22656
-0.958052
-0.316355
-0.586039
