0.864869
-1.71599
-0.969997
-0.521365
1.325
0.133311
2.01122
3.1446
0.742244
-2.53702
-1.71329
-2.05648
-1.97611
-2.6106
-0.405315
-0.203246
1.84824
3.10072
0.675872
3.18342
1.4888
0.636428
0.496341
0.851207
0.162288
-0.470395
-1.92901
-1.27663
-2.05904
-1.536
-1.44189
0.689188
-0.825874
-2.05948
-1.40126
-2.34676
0.0124357
-2.06373
-1.31705
-0.431035
-0.409002
-1.45168
-1.3769
-0.967907
0.604883
-1.94997
-0.853751
0.229012
-1.08914
1.12241
-2.38587
-0.457226
-1.7528
-1.06264
-1.51663
-0.711028
-0.675176
-0.697747
-2.23108
-0.725924
-2.21983
-2.62877
-2.77883
-0.699119
-0.186027
1.37311
2.83767
0.00460232
1.31177
0.15607
1.02682
1.13643
-1.49056
-0.999775
-0.540926
-1.74046
-1.4501
-2.05059
1.85364
0.217103
1.4342
3.14511
0.550532
0.329004
0.658917
0.0155343
0.828222
0.777484
-1.91602
-0.989283
-2.27384
-1.51033
-2.46379
-0.973563
-1.35919
-1.55757
-0.673353
-1.4602
-1.28985
-1.96593
-0.848045
-1.43447
0.558397
-1.42661
-0.897303
-0.00362257
-0.650106
-1.90857
-1.1019
-1.66332
0.2726
-1.00497
-1.18269
0.287827
-0.408474
-0.747598
-1.96697
0.966204
-1.42263
-0.244038
-1.52951
1.95666
-1.8555
-1.16882
-2.28007
-2.93116
-0.391581
-1.38425
-0.43054
-1.11444
-1.71864
-0.799519
-1.49283
-1.80078
-0.472733
0.186275
1.20701
-1.22331
-1.80536
-2.2767
-0.789968
-1.90572
0.355666
-1.03377
-1.82149
-1.38763
-1.79611
-0.919506
-1.79906
-2.34514
-1.40112
0.4547
0.0205029
-1.06144
-2.36079
-0.551016
-1.88789
-1.91711
-1.47546
1.0578
0.355944
-1.30171
-1.32691
-1.64769
-0.637806
-2.41109
-1.11231
-0.407873
1.04286
-1.97839
-2.33091
-1.82562
-0.784809
-1.83942
-1.15238
0.189386
-0.127082
0.242248
-2.10324
-0.937172
-1.07517
-0.992533
-0.68755
0.929874
0.768235
-0.489143
-2.07124
-0.382162
-2.29439
-1.2846
-2.6095
2.52876
-1.38746
-0.71989
1.54564
-2.54004
-1.5756
0.388809
0.779441
-1.77526
-0.21589
-1.33201
-0.946846
-2.19931
-1.13545
-1.64267
1.99003
-1.86941
-1.59242
1.3325
-1.77366
-1.543
-2.54702
-0.912704
-1.50715
-0.198219
-2.01234
1.72623
-1.01355
-2.00493
-2.09485
-0.559409
-0.504467
-0.370304
-0.480212
-0.119592
-1.22975
-2.10262
-1.31876
-1.37054
1.36311
-1.51332
-0.44524
-0.609097
0.420751
-1.02251
-1.18624
-1.21656
1.99275
-0.37321
-1.11692
1.50813
-2.05027
-1.28579
-2.10652
-1.13701
-0.78937
-0.544399
-1.55183
2.11944
-2.41543
-1.0306
-1.66319
-1.01735
-1.60774
-1.16582
