0.335248
-0.465303
-0.279622
-2.57259
0.930493
1.11257
2.86682
2.96813
0.94468
-2.25033
-1.64769
-2.41874
-1.75417
-3.4045
0.32477
-0.192655
1.81085
2.71018
0.368681
3.43536
1.26702
0.299291
0.673752
0.393546
-1.3608
-1.37997
-2.39357
-0.125992
-2.52453
-1.29571
-1.22187
-1.19123
1.11254
-2.28811
-0.997296
-1.60799
-2.04281
-1.07094
-0.552019
-1.08738
1.19546
-1.34173
-1.28782
-1.07158
-0.276945
-2.34336
-1.33167
-0.888462
-1.40374
-0.631872
-2.43232
1.2768
-1.67725
-0.450602
-0.415273
0.69971
-0.701461
-1.6186
-1.73868
-2.44975
-1.24711
-3.45677
-2.65994
1.721
1.08708
3.05562
2.94049
0.101063
1.29432
0.0893689
0.200578
0.116744
-1.39271
-0.297491
-1.53333
-1.94232
-1.77491
-1.83877
1.41512
-1.68232
1.14979
1.69099
0.319462
0.519478
0.843748
-0.464115
-0.636372
-0.266384
-2.2687
-1.45616
-1.89626
-2.21187
-1.90662
-1.14447
-0.441412
-1.39352
-0.653539
-0.824931
-0.922826
-1.95501
-0.866025
-3.43249
-2.07505
-2.04252
-0.0872642
-1.78524
-0.53553
-1.70861
-1.65883
-2.7728
0.735081
-1.75263
-2.27506
-0.522151
-1.24785
-1.9813
-2.37778
-1.48103
-1.66971
-1.2739
-1.96125
-0.683301
-1.8548
-1.54771
-2.28274
-0.740763
-0.14372
-0.770992
-0.477212
-1.70925
-1.74911
-0.74876
-0.649111
-2.0019
-1.00794
-0.814558
0.236392
-1.12776
-1.83345
-1.11994
-1.04609
-1.53602
-0.950058
-1.29367
-0.838934
-1.52643
-1.85356
-0.606612
-0.553081
-1.42257
-1.92424
0.626117
-0.941882
-0.703746
-1.6211
-1.75818
-1.73338
-1.57537
-1.46759
1.35813
0.549724
-1.72108
-1.912
-1.19783
-1.09193
-2.22777
-1.76437
-0.185302
1.05353
-1.76112
-2.39034
-3.04575
-1.36008
-1.4278
-0.783264
-1.72117
-0.688662
0.952188
-2.10339
-1.1956
-1.22839
-1.19048
-2.64632
1.1784
-1.28618
-1.78372
-2.42253
-0.985988
-1.93442
-1.79661
-1.47116
2.05733
0.118111
0.142217
-0.217743
-2.21851
-2.20258
-1.39184
-1.7103
-1.52843
-1.45794
-0.732633
-1.77638
-2.55099
-1.41235
-2.56901
-0.376513
-0.917389
-1.91874
0.111101
-0.379009
-1.43348
-1.85447
-0.145724
-0.756088
-1.47522
-1.64134
1.39795
-0.845695
-2.00638
-2.22494
-0.90525
-0.569948
-0.0453008
-1.48857
-0.870629
-1.5687
-1.46079
-1.15056
-0.674674
1.94882
-0.581237
-0.0689639
-0.439276
-0.776843
-2.06621
-1.82406
-1.21557
1.23697
-1.4974
-1.76409
2.42405
-1.9619
-2.20981
-2.02299
-0.00837123
-0.352907
-0.420762
-1.81352
2.44393
-2.45891
-2.70974
-2.13951
-0.943611
-1.09009
-1.72371
