0.947646
-2.41798
-1.08353
-1.72152
0.787997
0.414439
3.16887
2.61513
-0.41081
-2.65144
-2.32392
-1.94492
-1.28044
-2.58922
0.218744
0.89475
0.54749
2.56097
0.37929
2.4434
1.53503
0.203264
0.446806
0.597714
1.24839
-0.507703
-2.10125
-2.06039
-1.7269
-1.53844
-1.07088
-0.493296
1.9974
-1.22531
-2.8813
-1.67983
-0.778742
-2.49419
-1.55745
-2.06621
0.148978
-1.72714
-0.775542
-0.844193
-1.12212
-2.25645
-0.686056
-1.6102
-0.502061
0.221697
-2.64421
0.293411
-2.08777
-1.8129
-0.752234
-1.76581
0.220204
-0.722532
-2.47555
-1.05453
-1.79695
-1.62967
-3.29098
0.86588
1.70726
3.04047
2.79982
0.0357601
1.13087
0.0924254
0.532265
0.364561
-0.658432
-0.413891
-1.20335
-2.19742
-1.39024
-1.25386
-0.917536
-1.47632
1.28386
1.1046
0.235172
-0.0126533
0.79817
-0.0601328
0.100135
0.425361
-1.04616
1.14045
-2.31527
-1.73662
-1.98399
-0.68608
-0.190544
-0.130039
-0.192326
-0.883738
-1.58216
-2.26373
-1.48655
-2.05273
-0.331568
-1.53621
-2.0281
-1.81206
-1.01983
-1.73485
-1.06402
-1.92902
0.92495
-1.68384
-2.09084
0.746934
-1.69137
-1.32432
-2.11869
-1.28636
-1.79513
-0.897215
-0.914174
-0.214074
-2.26858
-1.46285
-1.91988
-0.923453
-0.964172
-0.743978
-0.277934
-1.59566
-2.37651
-1.0439
-1.34629
-1.70837
-2.35797
-1.0553
-0.447091
-1.19064
-1.88082
-1.53031
-1.18611
-2.30493
0.015561
-1.76154
-0.747655
-1.33882
-1.42511
0.14619
-1.92416
-1.11514
-2.04085
-1.26074
0.239384
-0.903449
-1.69854
-2.10112
-1.41291
-2.11924
-0.958593
0.303544
3.15362
-2.03957
-1.58217
-2.17795
0.280682
-2.52349
-0.918152
-0.293462
1.44036
-2.55823
-1.98176
-1.648
-0.764276
-2.72022
0.0473205
-0.387393
-0.897857
-0.375054
-1.95919
-1.3745
-1.82653
-1.79466
-2.34628
2.09079
-0.360044
-0.996491
-2.37564
-0.0857317
-2.35047
-1.75099
-2.59433
1.50925
-0.614964
-0.143961
1.67242
-2.73062
-2.21368
-1.17705
0.404492
-1.42623
-1.58208
-1.41962
-0.800649
-2.22437
-2.25091
-1.77309
1.93376
-2.36571
-2.14181
-0.306517
-0.710341
-0.427983
-2.32889
-1.06946
-0.369421
0.421868
-1.00162
-0.911098
-1.65926
-1.73841
-2.27882
0.63216
0.0278778
0.405511
-1.35506
-1.10599
-2.03073
-2.12004
-2.0349
-1.36288
1.42047
-1.53855
-1.11397
-0.512864
0.175958
-1.32633
-2.12978
-2.13376
1.68025
-1.38553
-0.558391
-1.09553
-1.94845
-2.23995
-2.19406
-0.808049
-1.45605
-0.790413
-2.67266
2.8426
-2.00004
-1.35293
-2.0761
-0.875539
-0.872918
-1.48823
