-0.477182
0.748115
-0.320632
-1.42155
0.410547
1.21348
3.09383
3.06933
0.384309
-1.71828
-1.44664
-1.87534
-1.3909
-2.95709
1.17289
0.337663
2.92055
1.02833
2.56295
0.699393
0.191061
1.49546
0.718199
0.100418
0.452186
-1.49124
-1.47779
-1.92605
-1.84962
-2.09912
-1.00316
1.60996
-1.10119
-1.75398
-2.00192
-1.93513
-1.60386
-2.10154
-1.58045
-1.07909
1.57169
-2.02219
-1.53829
-2.1588
0.185122
-2.18451
-1.23797
-1.74592
-1.13928
1.22673
-1.94319
0.304484
-1.98456
0.243616
-1.38789
0.0569776
-0.662936
-1.29053
-1.79151
-0.810966
-1.87838
-2.26263
-2.61216
2.00051
2.93006
0.664079
0.777375
2.89279
0.163233
1.33306
0.0533745
1.92362
-1.19316
-1.38206
-1.78956
-1.84509
-1.33468
-1.5829
0.782206
-0.838614
1.31676
0.764231
0.905947
0.530365
-0.344974
0.915822
0.404779
0.868603
-0.952295
1.08107
-1.46625
-1.67006
-2.38052
-0.568552
-0.153747
-0.434756
0.202238
-0.782096
-0.318794
-1.72302
-1.25539
-2.22127
-0.237615
-1.92052
0.272677
-0.756428
-0.601773
-1.79222
0.174224
-1.90446
1.23296
-1.50048
-0.198704
0.719053
-1.70726
-1.3385
-2.58313
-1.66464
-0.994447
-1.75009
-1.53248
0.746251
-2.29585
-1.49734
-1.6821
-1.1774
-2.4366
-0.215598
-2.47943
-0.775965
-2.00086
-1.15537
1.3291
-1.63828
-1.69362
-1.26412
-0.522506
-1.93273
-1.53529
-1.56613
-1.26611
-2.16241
-0.530982
-1.35923
-0.921932
-1.35756
-2.03128
-0.973833
-1.70831
-2.10862
-1.37816
1.64131
-1.25627
-0.210787
-2.37402
-0.83825
-1.52649
-1.61223
-1.68039
2.40884
-0.0135483
-1.29746
-1.98432
-1.23301
-0.728332
-2.27044
-0.891549
-0.494615
1.27205
-1.66517
-2.00528
-0.361924
-0.491416
-1.85966
-0.539903
-0.0901885
0.116034
-0.790772
-1.97034
-1.11519
-1.53956
-1.37945
-2.31592
0.452662
-0.998469
-0.963797
-2.40551
-0.857368
-1.91428
-1.9436
-2.278
2.39542
0.0626201
-0.552084
-0.528055
-2.08443
-2.1957
-0.202906
0.0710313
-1.77768
-0.992532
-1.55922
-1.35294
-1.75651
-1.96742
-1.65997
2.41319
-2.87478
-1.55298
0.46871
-1.09301
-2.03564
-2.01242
-0.765863
-0.374842
-0.666558
-1.6476
0.501338
-0.948017
-0.829803
-1.99413
-0.966117
-1.04295
-0.555298
-0.703531
0.123135
-1.25272
-1.6265
-1.58224
-1.49971
0.869557
-1.47627
-0.758385
-0.892966
-0.892884
-1.44797
-1.53665
-1.8781
1.98762
-2.02202
-1.4189
-0.430721
-2.02806
-2.45265
-2.17426
-0.722289
-1.01777
0.180854
-1.88945
2.12073
-2.70095
-1.50804
-2.03496
-0.737341
-0.538581
-1.11763
