-0.762894
2.04761
-2.36986
-0.438642
0.245307
0.42179
2.80868
2.85343
-1.36109
-1.49066
-2.17433
-2.3395
-0.125448
-2.5491
-0.531703
-0.301839
1.98624
1.07439
2.49786
0.409844
0.239157
1.26657
0.668397
0.0115444
-1.07932
-1.65563
-1.76135
-0.718151
-1.67467
-1.23736
-1.37648
2.08254
-1.28907
-1.63099
-1.29395
-2.16213
-1.17011
-1.64303
-0.51616
-1.28833
0.595234
-1.83258
-1.54336
-2.0638
-1.75125
-1.85358
-1.15448
-0.540059
-0.425832
0.754198
-1.84398
1.52462
-1.33359
0.0926707
-1.31355
0.209644
-0.54393
-0.303804
-2.09414
0.400534
-2.11622
-2.01418
-2.31272
0.732755
2.89444
1.02343
0.391509
2.32768
0.508309
1.4306
0.154485
2.41245
-1.7875
-1.273
-1.15706
-1.6057
-1.8831
-1.92568
-0.0503291
-0.752803
2.51618
1.15028
0.807807
0.00636757
0.307891
1.0027
-0.644784
0.509891
-1.42883
0.662555
-1.56661
-1.99224
-2.39184
-1.71794
-2.04863
-1.33413
-1.95574
-0.341269
-1.65363
-1.22869
-1.58695
-2.60463
-1.77797
-2.13119
-0.673678
-0.111091
-0.931526
-1.93356
-1.37001
-1.69395
0.0640045
-0.586931
-2.16401
0.75663
-0.777171
-1.05057
-2.02011
0.448877
-1.45037
-0.036445
-1.77695
0.524508
-1.92534
-1.32975
-1.95559
-1.56761
-0.735866
0.287732
0.208796
-1.91712
-2.40237
-0.701809
-1.77588
-0.908927
-1.12747
-0.530077
2.02409
-1.18444
-1.78306
-1.43294
-0.8754
-1.88791
-1.32579
-1.32427
-1.39684
-2.1023
-2.23903
-2.85259
-1.64007
-1.91962
-0.953088
0.0297057
-2.15037
-1.73317
-2.13617
-0.860736
-1.30694
-1.83431
-1.20825
0.521983
0.541885
-2.39075
-1.71559
-1.37579
-1.03035
-1.83415
-0.14979
-0.0858051
0.917509
-1.75792
-2.24846
-1.2116
-0.95928
-1.74446
-1.42308
-0.921298
-0.958381
-1.21049
-1.9258
-1.66505
-1.15805
-0.9646
-1.13451
0.473542
-0.545324
-1.10398
-2.06503
-0.439696
-1.76289
-2.2038
-2.07839
2.63913
-1.63746
-1.58366
-1.83025
-2.11415
-1.71022
-0.891461
2.01168
-1.73861
-0.240484
-0.936868
-0.476632
-2.34141
-2.04332
-1.95566
-0.00953299
-1.89314
-2.31617
-0.618354
-1.21249
-2.09722
-1.91285
0.57132
-0.650293
-1.17922
-0.948895
1.39783
-1.5656
-1.36273
-2.04574
-2.15748
-1.13983
-1.61318
-0.323103
-1.30613
-1.33452
-2.68215
-0.980828
-1.44529
0.421463
-1.93124
0.691925
-0.104457
-0.954587
-2.36001
-1.46237
-1.17476
2.233
-1.93115
-1.89492
-1.52381
-2.35099
-2.06804
-1.90426
-0.855419
-1.05298
-1.03602
-1.75032
2.74329
-1.76204
-1.91841
-2.26708
-1.13497
-1.50883
-1.36137
