-1.28604
0.476594
-1.18319
-0.167141
0.790555
0.853909
2.30835
2.75267
-0.723359
-2.33875
-1.94746
-1.73452
-1.47284
-1.98943
-0.253902
-0.739339
3.22225
0.260489
1.82534
0.363736
0.0260698
1.34957
2.58711
0.429156
-1.50123
-0.95376
-1.88492
-1.89542
-0.951224
-1.79546
-0.489197
-0.0490178
0.892599
-1.58382
-1.98899
-1.07998
-0.41328
-1.70298
-1.2301
-0.655508
1.36931
-1.29838
-0.929835
-1.77345
-0.415243
-2.33133
-0.856078
1.0075
-1.44445
-0.212445
-2.9752
-0.153598
-1.99354
-1.14331
-0.864204
0.306435
-1.08098
-1.50026
-2.04499
0.586273
-2.19891
-2.23631
-1.785
1.82436
2.47249
0.508585
0.503433
3.18648
0.440477
0.960298
-0.118919
1.02915
-1.96099
-0.543488
-0.670309
-2.10842
-2.45025
-1.82251
-0.453825
-0.81422
1.36909
1.24905
0.61015
0.216275
0.654026
1.00897
-0.180437
-0.0792693
-1.09051
-0.258202
-1.97721
-2.38186
-2.1965
-0.693709
-0.789596
-1.57347
-1.48812
-1.2879
-1.39827
-1.89957
-1.57564
-1.76354
0.719275
-0.772796
-0.1714
-1.71607
-1.79178
-1.66882
-1.2077
-2.21489
-0.274954
-1.67026
-2.0055
-0.369255
-2.09278
-1.38964
-1.64835
-1.42943
-1.19878
0.0593431
-0.371403
2.06475
-1.40687
-1.39812
-1.92477
-0.245095
-1.22006
-0.291522
0.0675104
-1.45096
-2.06083
-2.7484
-1.11744
-1.89275
-0.767575
-0.133022
0.868984
-1.04104
-2.04659
-1.22796
-1.11489
-2.32843
-1.87026
-1.00182
-1.51916
-1.30641
-2.31957
-2.51438
-1.57264
-2.06878
-2.47072
0.494362
-0.421175
-1.07594
-1.92306
-0.718125
-2.20573
-1.78905
-1.02134
-0.795854
1.92035
-2.42657
-1.83729
-1.63072
-0.421082
-2.38949
-1.46299
0.573728
1.54922
-1.58054
-2.10351
-1.87597
-1.13075
-2.40716
-0.943196
-0.390454
-1.50978
-0.262783
-2.29035
-1.26056
-0.75173
-1.87242
-1.97893
0.839523
-0.11011
-0.568357
-1.87051
-1.4213
-1.88734
-1.48049
-2.12573
1.82775
-0.0474749
0.917132
-0.208579
-2.42194
-2.63816
-1.57796
0.678924
-1.84735
-0.635015
-0.833981
-1.69674
-2.2222
-1.795
-2.00108
0.481215
-2.66365
-1.85428
0.898505
-1.08799
-1.55297
-2.11114
-0.336259
-0.802985
-0.284914
-1.61185
1.21838
-1.33681
-1.30343
-2.0263
-0.303463
-0.731994
-0.623258
0.165708
-1.19294
0.368975
-1.94218
-1.32074
-1.12234
0.988004
-1.87933
-0.723803
-0.48806
0.493662
-1.89006
-2.2192
-1.32364
2.44806
-1.79939
-1.86487
0.156301
-2.34853
-2.66606
-2.22816
-1.15279
-0.65131
-1.366
-1.93101
2.44527
-1.90168
-2.0585
-1.83999
-0.631268
-0.829782
-1.46633
