-2.52383
0.321539
-0.86929
-0.978778
0.373333
1.61958
2.94836
2.47811
-1.56869
-0.951958
-2.08698
-1.97188
-2.18426
-2.54627
0.442352
-0.0546403
2.68712
1.20241
2.69963
0.32026
0.4688
1.3446
1.17257
0.605961
-1.76634
-1.58067
-1.83176
-1.19443
-1.71354
-1.05297
-0.45471
0.568651
1.64495
-2.26162
-2.60758
-2.55103
-1.56906
-1.81642
-1.36773
-1.81211
-1.59186
-1.12618
-1.66831
-1.64954
-2.39683
-1.81328
-2.30767
-1.20812
-1.50127
0.349055
-2.03384
1.70301
-1.82003
-1.27923
-1.35416
1.20267
-0.570231
-1.28103
-1.9198
-0.932175
-1.40065
-2.02546
-1.74749
-0.657975
2.94893
1.68132
0.267187
2.97499
0.302387
1.83342
0.458308
1.08415
-1.38535
-0.839755
-0.25251
-1.6237
-1.53711
-1.68988
2.58263
-1.22992
1.58424
1.97947
0.0514676
0.107436
0.191705
0.932134
0.294007
0.85579
-0.870299
-0.497798
-2.43857
-2.12925
-2.17561
-1.22679
-1.95811
-0.889391
-1.78929
-1.21948
-1.27835
-1.76617
-1.80314
-1.52497
-0.0762599
-1.78573
-0.590588
-0.398556
-1.70859
-2.16007
-1.77643
-1.35615
0.697483
-1.45649
-0.131036
-1.65358
-1.05379
-1.80478
-1.74502
-0.933877
-0.866408
-0.996065
-0.885123
1.81104
-0.538091
-1.3161
-1.63384
0.115928
-0.999194
-0.235598
0.487843
-1.78687
-1.69248
-2.36216
-1.43677
-2.47415
-1.31617
-1.4879
-0.000390194
-1.29584
-2.10857
-0.642677
-1.26544
-2.27628
-0.912687
-0.0451102
-1.37867
-1.63395
-1.38921
-1.03416
-1.25334
-1.32102
-1.30645
-0.317461
-0.619226
-1.25656
-1.8242
-0.809322
-1.61872
-2.09662
-1.47094
-0.0559067
-0.356308
-1.51756
-1.09667
-1.28339
-0.447351
-1.72259
-0.549779
-0.360302
2.55879
-2.33689
-0.564281
-1.81486
-1.05529
-2.18953
-1.17925
-0.727572
0.106313
-0.430493
-2.56601
-0.584731
-1.4878
-1.54135
-1.57814
0.47949
-0.391228
-0.578455
-1.82794
-0.553243
-1.69973
-1.72136
-2.7749
2.17831
-2.51733
0.605041
0.49903
-2.41939
-0.887282
-1.30252
-0.505156
-1.50183
-1.35975
-1.31796
-0.971989
-2.45735
-2.02757
-2.07153
-0.0836296
-1.94637
-1.61941
-2.06281
-1.29614
-2.11576
-2.31835
-2.00579
-0.693155
-3.08795
-1.5177
0.398308
-1.56997
-2.28281
-1.90559
0.696537
-0.0239955
-0.466912
-0.167453
-1.91002
-0.94208
-3.15194
-0.767336
-1.55231
0.735258
-1.92919
-0.396211
-0.64777
-0.649686
-1.28495
-1.49473
-1.62188
1.99306
-2.74541
-2.02857
-0.0949961
-1.80038
-2.36095
-2.00356
-0.916679
-1.42533
-0.569485
-1.98022
1.93553
-2.29753
-1.74196
-2.40072
-1.18044
-1.3967
-1.2523
