2.87861
-0.243165
-0.632457
0.292465
1.1928
0.194983
2.96621
2.79808
2.53879
-1.97999
-0.420187
-1.44253
-1.29096
-1.92495
2.65404
0.0498103
0.910338
2.12447
0.463504
2.91203
1.57064
0.428645
0.0206765
0.789497
-1.1404
-1.03637
-1.57801
-1.73645
-0.97851
-0.482053
-1.39052
-0.265885
0.0669717
-1.94749
-2.22257
-0.760098
0.381325
-1.58164
-1.41322
0.11643
0.0149005
-1.23586
-1.48918
-1.95455
0.181262
-2.28434
-1.2647
-1.36578
-1.941
-1.43315
-2.52664
-0.961044
-1.79995
-1.37257
-0.923324
-0.127541
-0.837324
-1.66588
-2.43204
-0.272188
-1.75709
-2.49158
-1.7131
0.317287
1.5212
2.57239
2.49906
-0.300021
1.28173
0.0562648
1.02757
0.24477
-0.550595
-0.668512
-0.69129
-1.95019
-2.00399
-2.22669
0.619795
-1.3544
1.80955
0.590454
0.116577
-0.0687113
0.839633
0.859527
0.201924
1.09479
-0.813359
-0.477188
-2.53389
-1.63777
-2.70285
-0.316436
-0.36273
-1.72685
-0.829439
-1.40178
-1.0245
-2.05925
-1.63996
-2.59328
1.27856
-1.34868
-0.545351
0.0449592
-1.02257
-1.80553
-1.70076
-2.09072
0.51669
-1.12287
-1.5955
0.975825
-2.21523
-1.17887
-1.88104
-0.172301
-0.592762
-1.429
-0.600917
1.12176
-0.793212
-1.24978
-2.12613
-0.842942
-1.17236
-0.300239
-1.33373
-2.13663
-2.43325
-2.19139
-1.08375
-1.94739
-1.12311
-0.703631
0.888408
-0.637174
-1.96628
-1.11629
-0.107205
-2.47633
-1.02017
-1.17975
-1.27699
-0.936415
-1.37301
0.16042
-0.91048
-2.2759
-2.89475
0.179166
0.253192
-0.868925
-1.49471
-0.254828
-0.656877
-1.36554
-0.710385
0.696347
2.38372
-1.76493
-1.32701
-2.11024
-0.193132
-2.51054
-0.581606
-0.962381
0.661499
-1.80269
-1.93758
-1.5719
-0.59964
-2.013
-1.60145
-1.44703
-1.3501
-0.033196
-2.29107
-1.23272
-0.619916
-1.54794
-1.14488
1.59055
-1.40755
-0.492198
-2.40509
-1.77887
-0.762727
-1.05174
-2.62706
1.35365
-1.37403
1.22968
-0.558417
-2.51932
-2.02562
-1.10326
-0.539212
-1.63314
-0.657039
-1.24196
-1.10452
-1.59261
-2.26522
-1.75732
1.33184
-1.95241
-1.76895
0.157939
-1.81295
-1.71474
-2.57435
-0.893281
-0.846408
-1.28608
-1.6577
0.615976
-0.330846
-2.18323
-2.16658
-1.16304
0.0863825
-0.0444835
-0.432091
-1.59684
-0.94521
-1.92713
-1.18374
-1.61321
0.389319
-2.15301
-0.50076
-0.245063
0.0796604
-2.17582
-1.71567
-2.12914
2.74459
-1.77395
-1.594
0.974198
-2.59159
-2.52678
-2.35835
0.520089
-0.477383
0.0479474
-1.27548
2.68471
-1.66205
-1.56497
-1.72972
0.60249
-1.18488
-1.46734
