-1.4572
1.83524
-0.539025
-0.353872
0.404097
2.39313
2.16213
2.9789
1.04304
-2.31391
-1.40094
-1.71693
-1.67484
-1.89756
-0.0312538
2.09812
2.91062
0.356465
1.11368
0.872703
0.413709
1.29509
0.608883
0.253409
-0.660393
-1.03922
-1.50451
0.0897524
-1.31038
-2.19398
-1.25899
0.420004
-0.143098
-2.2679
-2.36173
-1.52599
-1.54316
-1.72148
-0.321749
-2.43138
2.19024
-0.731627
-0.605285
-1.88022
1.54034
-2.49264
-0.955502
-1.15024
-1.98179
-0.143658
-2.22194
-0.391467
-2.61182
-1.76479
-2.32072
0.211887
-0.834245
-1.76518
-2.74016
-0.485335
-0.620152
-1.44029
-1.56621
-0.172528
0.982335
0.856761
0.34319
2.87092
-0.0178314
1.36298
0.466659
0.967484
-0.66585
-1.47629
-1.82055
-1.66591
-2.80199
-2.13048
-0.0351302
-1.65898
0.450585
1.47329
0.45173
0.68482
0.218321
1.03708
0.498303
-0.122086
-1.62457
0.347517
-1.54772
-1.49826
-1.46517
-1.7853
-0.411285
-1.07111
-0.995602
-1.49062
-1.50744
-1.7071
-2.57128
-2.70484
1.01495
-2.87319
-0.0432784
-0.898606
-0.926105
-2.76569
-1.13292
-2.14317
2.69602
-1.74721
-2.28298
-0.459759
-0.790219
0.833317
-2.24526
-0.747588
-0.205672
-0.321425
-0.744892
0.505056
-2.72362
-1.32565
-2.54171
0.438974
-0.0351983
-0.624539
1.5382
-1.56438
-1.5268
-2.19061
-1.54644
-1.70393
-0.943524
-1.33912
0.739866
-1.71549
-1.33571
-0.539359
-0.979521
-3.06219
-1.63108
-1.69182
-0.695849
-0.968188
-1.51138
-1.10011
-1.30307
-2.22145
-2.12536
-0.614015
-0.575948
-0.181394
-1.67933
0.586231
-1.08504
-1.27087
-1.12842
0.649998
-0.91814
-2.05628
-1.22273
-0.955826
-0.245537
-1.72389
-0.127563
-0.993376
0.748542
-2.05025
-1.95044
-0.553917
0.218329
-2.15046
-1.30728
-0.905522
-1.76729
-1.67332
-2.29463
-1.48218
-0.600144
-1.83956
-1.77242
-0.363311
-0.896842
-1.19782
-2.71777
-1.18434
-1.34107
-2.25249
-2.21167
1.83577
-0.917195
1.10581
0.158169
-2.38161
-3.12863
-0.526268
-0.386211
-1.77858
-1.10233
-0.568739
-1.18836
-2.36198
-1.47139
-2.36848
-1.46712
-3.05997
-1.49713
0.884081
-1.5982
-1.6827
-1.91534
-0.0613899
0.0756616
-0.205083
-0.7883
1.75545
-1.04198
-0.360667
-2.20611
-0.833564
-1.69283
-0.00427957
0.198526
0.463066
-1.05848
-2.0485
-1.3546
-0.662515
1.87339
-1.1106
-0.494068
-0.775768
-0.7702
-1.96337
-1.91209
-1.53841
1.7839
-2.11851
-2.27079
3.70941
-2.21612
-2.28034
-2.41923
-0.0312691
0.263198
-2.18023
-1.32934
1.79001
-1.8795
-1.93934
-1.85009
-0.0302666
-2.10868
-0.507755
