-1.02753
1.5873
-1.36996
-1.51684
0.370385
1.12404
3.04378
3.08256
-1.15425
-2.37806
-1.57385
-1.91303
-0.534421
-2.23713
1.99888
0.669993
2.1433
1.24683
1.90559
0.822859
0.439992
1.45906
1.8658
0.0654315
-0.957227
-2.11708
-1.53745
-1.64317
-2.02861
-2.10938
-0.672917
-0.25178
-0.0512601
-2.51153
-0.599117
-1.28265
-0.877234
-1.82912
-0.140113
-0.97886
-0.154802
-1.31492
-0.865478
-1.16009
-1.35488
-2.45341
-1.59043
0.459019
-0.474629
0.671035
-2.69635
0.644845
-1.61032
-0.890048
-1.39566
-0.180347
-1.08972
0.00999441
-2.44171
-1.26089
-1.8006
-2.03652
-2.01258
-0.583691
2.61263
1.16876
0.793325
3.0812
0.850905
1.18692
0.480086
1.23436
-0.178384
-2.37785
-2.09219
-1.46452
-2.20578
-1.68439
-1.71046
-0.702754
0.543007
1.59138
0.408384
0.0661067
-0.0169987
0.827978
0.721113
-0.437309
-1.05276
-2.05314
-1.30058
-1.53084
-1.82985
0.0389679
-1.248
-1.22694
-0.611251
-1.64327
-0.573685
-1.44689
-1.70178
-1.71522
0.876402
-1.67002
-0.846628
-0.747499
-0.0207155
-2.20488
-1.06232
-1.80389
0.670302
-1.32943
-1.69742
0.889157
-1.65839
-1.41429
-2.54432
0.0917541
-0.71304
-0.280391
-0.865582
0.397798
-2.03235
-0.821341
-2.03914
-0.734694
-1.2813
-0.470675
-0.306718
-2.48779
-1.71413
-2.73697
-1.54624
-1.9482
-2.28153
-0.554677
1.28193
-1.31413
-2.32932
-1.28301
-1.61285
-2.29175
0.0699221
-1.53345
-0.132272
-1.33311
-1.75993
-0.474771
-1.01237
-2.88686
-2.2873
-0.0333233
-0.0884201
-0.668964
-2.4018
0.234408
-1.71113
-1.26435
-1.71453
1.67959
-0.30948
-1.85191
-0.408992
-1.21281
-1.05508
-1.61889
-0.960023
-1.21762
1.2269
-1.76821
-2.44301
-2.31789
-0.191426
-2.36206
-0.81972
-0.949934
-0.891534
-2.13352
-1.67069
-1.59915
-1.44747
-1.71886
-2.26334
0.350969
-0.988062
0.0389978
-2.21593
-0.985475
-2.01668
-2.32554
-1.61745
2.02915
0.207181
-0.568004
0.0532768
-2.50528
-1.35951
-1.41417
0.599854
-1.60518
-1.81924
-0.960504
-0.844318
-2.45532
-1.94908
-2.37959
0.438404
-2.36499
-1.33716
1.21906
-1.68225
-2.17728
-1.89127
0.0963852
-2.454
-1.81673
-1.81191
2.58677
-1.28644
-1.21467
-2.35142
-6.26025e-05
-0.508355
-0.254501
-0.437452
-1.15497
-0.731112
-2.34205
-1.02608
-1.46396
0.789887
-1.6578
-1.24867
-0.196912
-0.837923
-1.61982
-1.93427
-2.19235
0.94993
-1.08147
-1.16836
0.561618
-2.10277
-2.2662
-1.81439
-0.537047
-0.482118
-1.29122
-2.09156
1.97753
-2.16825
-2.25924
-2.04757
-0.423018
-0.556457
-1.26342
