-1.39815
1.9862
-0.169814
-2.07263
1.01851
1.82292
2.15944
2.2458
1.52195
-1.42691
-1.70701
-1.3673
-1.09243
-1.61426
1.22942
0.141634
2.61619
1.53606
3.34872
0.174992
0.217721
1.28669
2.10084
0.0867055
-0.884035
-3.7019
-1.96612
-1.42116
-1.61824
-1.31282
-1.26957
-0.79267
-1.25073
-2.04032
-2.20201
-1.08455
-1.68473
-1.64788
-3.22404
-1.94494
0.171996
-1.50822
-1.27591
-1.89789
-1.62492
-2.09564
0.194264
-1.64409
-1.86677
-0.85902
-2.32254
-1.18111
-1.59739
-1.01253
-1.93515
-0.929253
-1.04904
-0.996987
-2.06993
-0.984587
-2.27014
-1.44824
-1.78426
0.664695
2.40181
1.74605
0.375714
2.95573
-0.0150753
1.49439
0.404375
1.99138
-1.75697
-1.60659
0.0293132
-1.70736
-2.11224
-1.64922
2.40226
-1.56309
2.86541
1.3035
0.292303
0.531451
0.254945
0.868297
0.728091
0.11504
-1.31266
0.453704
-1.08719
-2.91445
-2.37145
-1.4504
-0.98024
-1.91884
-1.24433
-1.99511
-0.400804
-1.3705
-1.93115
-1.6561
-0.00721912
-2.87392
-0.550346
-1.35847
-0.659363
-2.34771
-1.65084
-2.39329
0.024787
-1.16998
-1.13735
-0.795563
-1.0977
-0.655502
-2.04839
-1.05257
-0.495701
-1.4842
-1.17224
1.14292
-2.22293
-0.708643
-1.65594
-0.974356
-0.0765164
-1.3297
-0.250653
-1.33134
-1.99768
-2.04835
-0.189555
-2.14308
-1.67117
-1.45999
0.000892043
-1.20319
-1.69665
-1.84613
-0.568018
-1.26942
-1.27188
-0.852721
-1.68067
-1.31995
-1.78106
-1.6493
-1.18575
-2.15355
-1.64774
-0.919005
-0.845334
-0.425278
-1.5819
-1.45909
-1.4193
-2.0143
-1.37176
1.06885
-0.0779692
-1.47481
-1.83316
-1.30388
-0.00129503
-1.74216
-0.404087
0.0772189
1.58578
-1.4867
-1.49009
-2.16019
-0.637699
-2.16066
-0.777453
-0.669367
0.378074
0.554099
-2.10616
-0.489511
-1.06944
-2.01034
-1.79464
1.54862
-0.792637
0.117177
-1.42946
-0.610479
-1.18405
-0.95908
-2.4527
1.99506
-1.54025
-1.04785
-0.566847
-2.54783
-1.105
-1.17423
0.599291
-1.30118
-1.53782
-1.61198
-0.406829
-1.98181
-1.88463
-2.21696
0.0831632
-1.70038
-2.36586
-0.557202
-2.24375
-1.46559
-2.29463
-1.91348
-0.947156
-0.905479
-1.10545
0.672616
-1.27072
-1.75842
-1.56694
0.247182
-1.14817
-1.47565
-1.29224
-0.732726
-2.14601
-2.10005
-0.804449
-1.70011
-0.0105576
-1.6828
-1.1653
-1.621
-0.530206
-1.97103
-1.22756
-1.34473
1.80357
-1.8813
-0.540684
-0.569633
-1.74273
-1.35793
-1.77146
0.266959
-0.468422
-0.505644
-1.97425
2.79516
-1.08399
-2.08956
-1.97223
-0.279758
0.198187
-0.598035
