0.333917
-1.80716
-1.23323
-1.96283
-0.250694
0.353891
2.73236
2.3448
-0.682205
-0.773163
-1.46902
-1.769
-0.288157
-2.58802
-1.5162
0.237578
0.507828
2.0384
0.114176
3.0377
1.50448
-0.0436481
0.358163
1.39385
-1.30452
-0.0234142
-2.26735
-0.237663
-1.64991
-1.44994
-1.61446
0.767211
-0.98851
-0.620839
-2.0826
-0.907908
-0.672822
-1.67058
-1.27596
-1.03573
-0.362054
-1.8425
-1.6134
-1.77771
-2.16995
-1.86939
-1.5669
-0.548488
-0.309343
-0.384315
-1.65735
-0.336527
-2.58394
-1.63019
-1.83762
2.01489
-0.941502
-1.27486
-1.91297
0.550802
-2.32054
-2.47264
-1.43372
0.338134
1.1947
2.46457
1.50949
-0.0647577
1.42495
0.0833094
1.0719
0.279522
-1.33952
-0.518479
-1.39671
-1.95191
-1.03216
-1.37485
-0.335008
-1.62696
1.52634
1.12452
0.0763483
0.542021
0.792563
0.422879
0.851959
-0.574244
-1.82597
-1.57508
-2.35433
-2.07748
-2.51817
-0.815839
-1.0184
-1.11684
-2.1936
-0.62956
-1.57562
-1.54441
-1.65515
-1.81374
-0.477101
-2.20184
-0.860029
-1.29876
-1.98571
-2.28949
-1.38126
-1.85284
0.868587
-1.14923
-1.22026
-1.07673
-1.21503
-0.747725
-2.50698
-0.189848
-1.26435
-0.398859
-1.58931
1.93909
-1.79968
-1.27615
-2.27439
-0.664533
-0.8322
-0.169782
0.806377
-2.10307
-2.03615
-2.36095
0.785713
-1.57175
-0.914983
-0.45434
0.215573
-1.55841
-1.10937
-1.67174
-1.19752
-1.56193
-0.273667
-2.06893
-0.0896049
-1.3867
-1.67072
-1.07238
-0.944202
-1.29683
-1.46116
-0.22216
0.507421
-1.55936
-2.60508
-0.638283
-1.89782
-1.67843
-1.26699
-0.0486364
0.216205
-2.23278
-1.19095
-1.36901
-1.2443
-1.75064
-1.16214
-1.82626
1.27442
-1.7541
-1.88418
-2.99474
-0.966964
-2.17807
-0.386979
-0.518471
-0.00427685
-1.12705
-1.60067
-0.75789
-1.82699
-1.20951
-1.94183
0.795363
-0.718962
-0.294948
-1.86177
-1.28629
-1.84523
-3.2826
-1.2276
2.12913
-1.95183
-0.165974
0.0335702
-2.1222
-1.51843
-1.66421
0.970044
-1.47452
0.358889
-0.74447
-0.991575
-2.06216
-0.792487
-2.4935
-1.16561
-2.11266
-2.01892
-0.396597
-1.25119
-1.93784
-2.19474
-0.639897
-0.209944
-1.10678
-1.21228
0.179901
-1.81452
-1.25226
-2.21529
-0.614601
-0.896558
-0.982833
0.567751
-1.16252
0.691733
-2.13486
-1.09273
-1.40903
1.68225
-2.27201
-0.110786
-0.146636
-0.85134
-2.4003
-1.89154
-1.86942
3.09513
-1.35117
-1.52816
-0.455158
-2.52953
-1.79995
-2.28369
-0.0788883
-0.521273
-1.65838
-1.31974
1.69246
-0.958186
-1.38153
-2.42807
-1.97196
-0.448069
-1.54435
