-0.410464
2.64344
-0.699944
-0.0678874
0.444202
0.758257
2.70126
2.18668
1.12443
-1.40615
-2.10319
-2.37928
-2.11091
-2.66759
-0.962513
0.933545
2.94174
1.14998
2.65461
0.748244
0.582983
1.10059
1.496
0.734436
-0.520192
-0.955917
-2.01608
-1.75886
-0.973107
-2.13957
-1.53365
-0.576471
1.58525
-1.60373
-2.98963
-2.16803
-0.93409
-1.73775
-0.909746
-1.33908
0.358453
-1.24756
-1.24896
-1.40894
-1.209
-2.027
-0.914339
-1.57783
-1.3253
0.210726
-2.37616
1.32385
-1.88627
-1.91563
-1.54694
0.869375
-1.29985
-1.96589
-1.78194
-1.29087
-2.38384
-2.10439
-2.30261
2.15977
2.34414
2.54074
-0.0208514
2.47867
-0.437935
1.52748
0.253267
0.487488
-0.316541
-0.76797
-1.67243
-1.54593
-1.29038
-1.5655
-1.48544
-1.07274
0.377904
1.27115
-0.140731
0.19801
-1.35715
0.879779
-0.575238
0.362061
-1.92267
0.42944
-2.21926
-1.30127
-1.86413
-1.92756
-0.653421
-0.702629
-1.97354
-0.652675
-1.87493
-2.07401
-1.73065
-3.37911
-0.182169
-2.72324
-0.981761
-0.681407
-1.00468
-2.4425
-1.41252
-1.70707
2.68844
-1.55036
-1.54034
0.456257
-1.65697
-0.518619
-2.22157
-1.25186
-0.781419
-0.345121
-1.45954
2.70425
-2.01029
-1.35994
-2.81103
-0.690875
-1.09993
-1.40964
-0.555883
-1.90935
-1.18062
-2.10209
-0.0987376
-1.62095
-0.316179
-0.670279
0.279487
-0.759894
-2.0349
-1.04288
-0.647885
-2.05476
-1.79263
-0.93812
-0.647473
-0.713838
-1.9781
-0.050954
-1.67865
-4.0056
-1.5449
-0.5713
-0.915904
0.211446
-1.09668
-0.888817
-0.799772
-1.13194
-0.683908
0.22076
-0.042079
-2.14177
-1.58983
-1.22994
0.0162908
-2.18187
-2.1771
-1.03171
-0.123167
-2.37873
-1.78111
-1.85994
0.153999
-1.96736
-0.19338
-0.091339
-1.47365
-0.993405
-2.28378
-1.36701
-0.689836
-1.42648
-1.23785
0.0825057
-1.24268
-0.985257
-2.11435
-0.428768
-2.05211
-1.84058
-1.69427
2.37876
-1.25402
-0.612062
1.24028
-2.42768
-1.46455
-1.05861
-0.137872
-1.45779
-0.546762
-0.489687
-1.34429
-1.60365
-1.66454
-2.29749
1.31458
-2.21579
-1.53043
-0.634476
-1.53265
-1.15629
-1.95286
-0.969524
-0.926349
-1.14521
-1.03459
1.61678
-1.33345
-2.00109
-1.92316
-0.672096
-1.35253
-0.493607
0.0982613
-1.11732
-1.08713
-1.6693
-1.10783
-1.3796
0.584995
-1.89108
-0.835883
-1.5796
-0.305399
-2.38166
-2.09709
-1.11096
2.33806
-1.50052
-1.62192
1.08295
-1.34875
-2.73093
-1.90965
-0.0107999
0.0511283
-0.738162
-1.90976
1.84643
-1.44791
-1.6191
-2.0167
-1.35204
-0.273476
-0.477877
