-1.41131
2.9948
-0.670892
-0.949081
0.586835
1.31302
2.31657
2.24912
0.292997
-1.89028
-2.23685
-2.18658
-1.54447
-2.35357
-0.579617
-0.441502
3.00685
0.428853
3.2792
0.783192
0.343153
1.42879
1.70463
0.432025
-1.61568
-1.86718
-2.26281
-1.37379
-1.58105
-1.09698
0.0477496
-1.10573
1.51192
-1.53713
-1.96124
-1.68773
-1.64576
-2.54729
-1.69042
-1.20892
2.54953
-1.58004
-1.51965
-2.24899
-0.282888
-2.57321
-1.28027
-1.43693
-0.402911
0.0552379
-2.38211
-0.437317
-1.90663
-1.00188
-1.11166
1.40924
-1.18182
-1.51473
-1.86101
-1.6382
-2.85363
-1.82202
-1.5894
-0.169021
2.87835
1.50899
0.640108
3.08025
0.0195774
1.63336
0.271213
1.04359
0.179598
-1.13635
-1.16628
-1.64463
-1.94289
-1.00133
1.63861
-1.53092
1.2354
1.22065
0.616422
0.459488
0.382674
0.778727
-0.130913
1.21165
-1.23013
0.887893
-1.49095
-1.62879
-1.43635
0.0265869
-1.36889
0.107808
-0.147514
-2.43313
-0.26477
-2.07402
-1.90985
-2.24395
-0.61724
-1.94942
0.617663
-0.733215
-0.284569
-1.94139
-2.28613
-3.17557
1.31689
-1.28893
-1.39325
2.25067
-0.746706
-0.931103
-2.6555
-0.0439608
-0.250804
-1.11932
-2.15156
0.883541
-1.65812
-1.47933
-1.96052
-0.598452
0.500597
-0.448158
0.684888
-1.74188
-1.19829
-1.27084
-1.15829
-1.6888
-1.59632
-0.346848
0.985933
-1.22988
-2.3239
-0.788119
-0.339609
-1.86431
0.641505
0.224087
-0.00724234
-1.53611
-1.67522
-0.850505
-1.12883
-2.07448
-1.5133
0.794992
-0.0457074
-0.357307
-1.354
-1.63946
-0.461552
-1.89595
-1.61871
-0.386551
-0.223942
-1.57678
-1.12293
-1.32277
-0.644076
-1.69827
-0.322854
-1.09478
2.03581
-1.4553
-1.27433
-1.16274
-0.162999
-2.45576
0.178471
0.538197
-1.16423
-0.626846
-2.22979
0.305298
-1.0642
-0.609467
-0.901537
0.211931
-0.0743151
-0.283935
-2.51109
-0.391968
-1.23106
-1.97416
-1.95655
1.61806
-0.568005
1.14205
-0.00232071
-1.92384
-1.48871
-1.19771
-0.210284
-2.23669
0.733648
-0.479874
-0.510011
-2.12206
-1.99574
-2.23704
-0.915432
-2.57622
-1.2204
-0.364394
0.36469
-1.84914
-2.17669
0.0826438
-0.625546
0.866574
-1.48524
0.193344
-1.20463
-1.47818
-2.21442
-0.764488
-0.198377
-0.665256
-0.867426
-1.92701
-2.03636
-1.821
-1.09269
-1.95798
0.0827746
-0.990427
-1.0565
-0.317168
-0.937807
-1.58244
-3.51641
-1.72456
2.22113
-1.58148
-2.34181
0.81982
-1.96315
-1.57237
-1.93019
-0.271928
-1.07387
-0.822276
-2.39648
2.22665
-1.36815
-1.94187
-2.22658
0.135877
-0.60943
-0.675483
