2.69954
-1.92101
-2.35524
-2.40301
1.49134
0.791994
2.18817
2.72846
1.56717
-2.50855
-2.18705
-0.786878
-0.669942
-2.7812
-0.647514
1.02509
1.43646
3.18949
0.957229
3.26669
1.87442
1.06478
0.113514
0.486507
-1.55928
-1.74079
-1.38872
-2.08611
-0.31974
-0.955307
-0.919954
0.916056
0.337117
-2.11835
-2.28885
-2.60753
0.281831
-2.22844
-1.96515
-1.85522
-0.192184
-2.19761
-1.11773
-2.66969
-0.268839
-1.96957
-0.489341
-0.81595
-1.27928
0.569981
-2.01863
-0.693968
-1.28353
-1.80401
-1.31179
-0.112217
0.436381
-2.06024
-2.43472
-0.979856
-1.39758
-2.19927
-2.45068
1.55869
0.903915
1.6953
2.48
0.22173
1.44328
0.251929
0.942689
0.823083
-1.57318
-1.54188
-0.253773
-1.66497
-1.68312
-1.16738
1.14857
-1.17428
1.37426
2.44856
0.318037
-0.214758
0.947159
-0.596898
0.620701
0.605922
-1.71168
-0.657404
-2.2951
-2.002
-2.41507
-0.119716
0.239107
-0.203107
-1.29609
-1.93924
-1.58008
-2.32651
-1.26196
-2.34029
0.714341
-2.42185
-1.05618
-0.857704
-0.856234
-2.36839
-1.67821
-0.841733
-0.304077
-1.13346
-1.45351
0.0994674
-1.83739
-1.37857
-2.52451
-1.73221
-1.95211
-2.10122
-1.4798
0.727673
-2.06701
-1.68638
-1.55116
-0.0946109
-1.09058
-0.161172
-0.507551
-2.16483
-2.20771
-2.64452
-0.816923
-1.53616
-1.69107
-1.48875
1.19171
-1.6719
-0.743222
-1.01642
-1.54013
-2.44705
-0.568262
-0.650676
-2.56848
-1.45236
-1.92862
-1.17893
-1.04222
-1.65916
-1.47401
-0.658978
-0.0782445
0.0737992
-2.00786
-0.296277
-1.22658
-1.93197
-1.07573
1.50146
2.15655
-2.21898
-1.05791
-1.54474
-0.466786
-2.43637
-0.660166
-1.20172
1.02051
-2.39999
-2.51989
-2.17213
-1.13316
-2.0014
-1.0642
-0.408289
0.0278755
-0.585159
-2.83498
-1.03216
-1.29871
-1.06599
-1.9931
-0.857217
-0.736063
-0.391944
-2.32129
-1.347
-1.37855
-1.75857
-2.33134
2.04603
-1.37552
1.87435
0.721983
-1.22904
-2.46666
0.0802021
1.17144
-1.37788
-1.019
-1.48151
-0.577591
-1.86043
-2.12123
-2.14443
-0.377945
-1.38368
-1.49688
1.83955
0.657826
-1.87852
-1.86702
-1.01198
-1.1432
-1.55407
-0.127501
-0.451148
-1.218
-1.94085
-1.43756
-0.925041
-0.124355
-0.49278
-0.730112
-0.54797
-0.880668
-2.22093
-1.90464
-1.49322
0.639729
-1.90019
0.268312
-0.287146
-0.794283
-2.16347
-1.44835
-1.63939
2.33033
-1.86812
-2.1837
-0.147384
-1.62097
-1.73607
-2.14403
-0.0056473
-0.872215
0.808728
-1.45719
1.40122
-1.94143
-1.13375
-1.91058
-0.275111
-1.14754
-0.0348941
