0.269542
1.79352
0.222231
-1.26512
0.0242534
1.08613
3.20401
2.45518
-1.6069
-1.29365
-2.41539
-1.46467
-1.65714
-1.99465
0.92041
-0.302008
2.98463
1.17602
2.60116
0.573375
-0.0404113
1.13884
2.06343
0.139888
0.321591
-1.62682
-1.17259
-2.35407
-1.27285
-1.33757
-0.52387
1.60195
0.315644
-0.343245
-2.64788
-0.867421
-1.99121
-1.54491
-1.47956
-2.65898
0.4893
-1.87632
-1.27694
-2.5488
-0.714669
-2.07435
-1.1601
-1.79916
-0.230074
-0.314119
-2.08794
0.164456
-2.42901
-0.84757
-1.19567
-0.544724
-0.893492
-1.54636
-2.22472
-0.899415
-1.88339
-2.97287
-1.49472
0.291619
3.09558
1.60033
-0.159398
2.79961
0.411001
0.989087
-0.207488
1.19929
-1.65096
-1.18371
-2.21453
-2.19933
-1.11377
-1.88081
-0.455654
-1.50654
1.55107
1.30017
0.0852815
0.0546877
-0.929925
0.862603
0.0699473
0.536071
-1.67028
-0.473489
-1.44497
-1.77753
-2.2484
-1.07437
-0.342268
-0.786349
-1.38258
-1.05614
-1.14949
-1.62547
-2.58197
-1.85338
-0.0406074
-2.37531
-0.055054
-1.56526
-0.411239
-1.819
-1.83376
-2.65786
0.614214
-0.975598
-1.63998
0.757457
-1.47661
-1.03431
-2.3629
0.178172
-0.177099
-0.765382
-1.26893
1.45665
-2.47367
-1.36924
-2.17947
-1.32923
-1.38189
-0.51812
0.599912
-2.05884
-1.42285
-2.33594
-0.754771
-1.29584
-0.467715
-0.858099
1.49665
-1.50446
-2.28692
-1.49805
-0.283126
-2.19817
-0.569908
-1.3672
-1.7262
-0.992912
-1.83645
-2.09566
-1.50676
-2.19007
-1.2737
0.859727
-0.249618
-1.25529
-2.23711
-0.118966
-1.44849
-1.1953
-1.09126
0.464558
0.795242
-1.62726
-1.56122
-1.7085
-1.30314
-1.47997
-1.09357
-1.64123
1.2988
-1.88881
-1.47085
-1.45655
0.00244148
-2.68042
-0.809105
-0.824963
-0.526839
-1.70438
-1.72375
-0.815967
-1.49314
-0.876618
-1.76913
0.507016
0.075389
-0.880016
-2.29668
-0.667631
-1.64012
-1.75026
-0.934682
2.31159
0.145993
0.624762
-0.414597
-2.54631
-0.775269
-1.99538
0.454576
-0.76877
-1.67983
-1.63272
-2.52578
-1.50566
-1.74629
-1.86105
-0.0338732
-2.36962
-1.96101
0.0256038
-1.9344
-1.60497
-2.10699
-2.35179
-0.674785
-0.644689
-1.46841
-0.704391
-1.26834
-1.63018
-1.67977
-0.918485
0.297435
-0.0201556
0.0208934
1.00951
-0.534851
-2.20198
-1.88507
-0.909534
-0.424986
-2.38697
-0.956291
-0.253539
0.383553
-2.88349
-2.0471
-1.7401
2.78805
-0.848773
-2.11179
1.90372
-1.94404
-2.87771
-2.01646
-0.921947
-2.35125
-0.961436
-1.56759
2.83626
-1.92878
-2.12537
-1.81415
-0.447097
0.117262
-1.2128
