-0.948792
1.00086
-1.09753
-1.66258
0.597577
0.55966
2.90948
2.67817
-0.678369
-2.38036
-1.92508
-2.26022
-2.06257
-3.11486
1.2305
-0.542695
1.95347
1.46003
2.84341
0.714348
0.0997013
1.31647
2.38082
0.0542231
-0.727378
-1.40282
-1.99959
-2.28751
-2.02943
-1.56046
-0.563626
0.699454
-0.229092
-1.77665
-1.31528
-2.10201
-1.68348
-1.83108
-1.65436
-1.94885
0.671078
-1.05301
-0.789905
-1.27275
-0.659011
-1.88774
-1.50711
-0.67842
-2.26726
-1.66145
-2.3053
-1.05296
-2.161
-1.05847
-1.91077
0.803843
-0.253175
-1.19292
-2.44126
0.619622
-2.17157
-2.99556
-2.62129
-0.775851
2.25149
0.813737
0.812679
2.58492
0.103077
1.46109
0.236752
0.349084
-1.42145
-1.24468
0.0324428
-1.11819
-2.14553
-1.27429
0.382987
-1.49196
1.22108
1.16494
0.403464
-0.148661
0.587079
0.869372
-0.508967
0.530324
-1.71093
-0.176784
-1.59898
-2.06873
-1.8124
-0.387027
-0.903829
-0.82824
0.470503
-0.402661
-0.212248
-1.64899
-1.80877
-3.73482
-0.0781576
-2.06297
-0.342761
-1.89719
-0.935595
-1.94528
-0.784545
-1.11433
0.487879
-0.823337
-1.8916
-0.485459
-1.82731
-0.533521
-1.9128
-0.736882
-1.14017
-0.605956
-1.54586
2.49323
-1.62435
-1.27008
-2.44172
0.300936
-0.0138556
0.0175735
2.01237
-2.08953
-1.52919
-2.09712
0.258719
-1.76244
-0.522122
-0.963025
0.198888
-1.54637
-1.79477
-1.18748
-1.81326
-1.70061
-1.23527
-0.830382
-1.41371
-1.98182
-2.13515
-1.19393
-1.77596
-1.94078
-1.42988
-0.446728
-0.74666
-0.965719
-2.37571
-0.112109
-0.825933
-1.0484
-1.1279
1.88256
1.91499
-2.03536
-1.12009
-1.66008
-0.504034
-2.07528
-1.64141
-0.335714
1.07547
-1.96224
-2.04833
-1.43749
-0.957523
-1.87295
-0.708096
-0.545301
0.261501
-0.929536
-2.00427
-0.726565
-1.0891
-1.449
-1.50572
-0.587641
-0.69481
-0.206304
-2.20248
-0.987401
-1.19628
-1.37003
-1.13113
2.3205
-2.31456
-0.57163
-0.763206
-2.24624
-1.90917
-1.53869
1.21347
-1.14812
-0.886098
0.343901
-1.00474
-1.87559
-1.40854
-1.70479
0.487483
-2.01446
-2.09837
-0.195461
-1.6061
-1.99105
-2.41208
-1.51427
-2.62448
-1.36281
-1.85151
0.658806
-1.4142
-2.00941
-2.59652
-0.541738
-0.548181
-0.0890834
0.19387
-0.798689
-0.803346
-2.08077
-1.46224
-1.21154
0.544035
-1.91925
-0.0578671
-1.5514
-0.764235
-2.50474
-1.27253
-1.01372
1.86157
-2.49697
-1.81646
-1.36645
-2.64122
-1.26431
-1.87326
-0.339551
-1.19143
-1.46677
-1.23914
1.78986
-2.28733
-1.29299
-1.2939
-1.33956
-1.20712
-1.53501
