1.00025
-2.38207
-1.33124
-0.89863
1.0003
1.00025
2.52298
2.04989
-0.159744
-1.41543
-1.26637
-0.417306
-0.122748
-2.62012
-1.08754
-0.570928
0.576053
1.66788
-0.072226
2.88543
1.28011
-0.00391615
0.131371
1.36658
-0.91656
-1.82224
-1.83379
-1.65105
-1.54932
-2.37769
-1.11387
-0.735686
1.26104
-1.87185
-2.93871
-2.21754
-1.31741
-2.02448
-1.00013
-1.37108
1.52575
-1.7731
-0.964226
-2.50262
-0.632752
-2.33843
-0.478024
0.588777
-1.69453
-0.440068
-1.92366
-0.0548311
-2.26563
-0.826242
-1.40524
-0.952025
-1.14096
-0.837363
-2.75411
-0.191941
-2.01216
-1.56046
-2.30297
0.948411
1.9987
2.38069
1.76251
0.232916
1.26945
-0.4064
1.28167
0.99978
-1.16377
-1.79896
-1.98631
-1.11379
-2.43515
-2.06422
-0.110513
-1.8076
1.39716
1.47777
-0.302086
0.190983
0.781893
0.39765
0.111644
-0.431468
-1.07621
1.88755
-2.20709
-0.919142
-2.08314
0.0563748
-0.438726
-1.46338
-1.56372
-1.99055
-0.535804
-2.17092
-0.727527
-1.25561
0.109089
-1.77743
-0.076522
-1.09791
-0.305046
-1.74896
-1.2247
-1.54016
1.22416
-1.54722
-2.48566
0.846646
-1.2998
-0.723609
-1.70787
-0.120332
-0.38329
-2.1188
-1.48127
1.04354
-2.31091
-1.34361
-1.99859
-0.939296
0.129656
-0.528013
0.528385
-1.97631
-1.52693
-1.64164
-1.4881
-2.22767
-2.23947
-0.999922
-0.211648
-1.35411
-1.40205
-1.44733
0.0101009
-1.9006
-0.854966
-0.986629
-0.845382
-0.0654407
-1.99074
-0.490306
-1.08333
-1.80839
-2.33986
-0.0767294
-0.524429
-0.873463
-1.87427
-1.39934
-1.33598
-1.38437
-0.876725
0.58721
1.05978
-1.69366
-1.5386
-0.831925
-0.36722
-1.79123
-0.191581
-0.966442
1.80954
-1.571
-1.76888
-1.28626
-0.678058
-2.4238
-0.043245
0.377419
-1.66662
-0.261801
-2.19272
-0.963878
-1.24052
-1.1982
-2.05626
0.152913
0.419764
-1.02493
-1.85372
-0.0867261
-1.93929
-2.04336
-1.63566
1.58405
-0.0746283
0.0414711
1.24369
-2.52158
-1.60635
-1.23897
1.13836
-1.2893
1.16958
-1.89594
-0.223256
-2.11747
-2.3013
-2.90289
-1.20318
-2.23399
-1.38679
2.22513
-0.753657
-0.713605
-2.49253
0.0695493
-0.39344
-0.393347
-0.931268
0.350609
-1.60872
-2.51533
-1.60965
-0.0341516
-0.357204
-1.5721
-0.0308288
-2.10943
-1.13257
-2.22435
-1.82765
-1.23588
0.318591
-1.75581
-0.781389
-0.805453
-0.37397
-2.4458
-0.997324
-1.80637
1.45276
-1.91727
-2.06986
2.10791
-2.22699
-2.56924
-1.79567
-1.00053
-0.352151
-0.652668
-1.56934
2.74296
-1.80638
-2.14794
-2.36295
-0.469353
-0.702663
-1.70989
