-0.33188
2.15927
0.325833
0.524925
1.02655
0.771906
2.854
2.79032
0.0969698
-1.76216
-1.5826
-1.37328
-1.88321
-2.53564
-0.635788
0.145327
2.21515
1.25673
2.53137
0.960134
0.359424
1.24507
1.30733
0.39216
-2.2651
-1.83978
-1.89397
-2.46239
-1.95391
-1.44363
-0.399757
0.0480886
1.14583
-0.396578
-0.700281
-1.22912
-0.230367
-2.02442
-1.75072
-1.11069
0.169817
-1.41852
-1.21842
-2.07279
0.502634
-1.85543
-0.88825
-1.10004
-1.50506
0.658182
-1.731
-0.687061
-0.760098
-0.75467
-1.73407
1.50265
0.103515
-0.480616
-2.33092
-0.618195
-1.58713
-1.24942
-2.11587
1.50208
2.49832
1.57735
0.256018
3.0628
0.76306
1.68283
0.0921436
0.20221
-1.42926
-0.796124
-2.37423
-1.22449
-1.04486
-1.47306
-0.938778
-2.06554
0.457711
1.43402
0.249246
0.333609
0.729928
0.952989
0.153272
0.607858
-1.88184
-0.227542
-1.80544
-2.07868
-1.48261
-0.491932
0.0274249
-0.391775
1.37445
0.164832
-1.2725
-1.93691
-1.10802
-2.34839
1.80713
-2.0428
-0.639423
-0.97714
-0.911176
-2.23672
-0.865141
-1.38231
0.204456
-1.45541
-1.71846
-0.392082
-1.20528
-0.721243
-2.43822
-0.296926
0.451097
-0.566938
-1.51207
0.998161
-1.81944
-0.666116
-2.48333
-0.221865
0.847332
0.727587
1.97139
-1.92086
-1.55562
-2.24728
0.254601
-1.9751
-0.270354
-2.48381
1.77707
-1.28626
-1.6226
-0.851804
-0.413954
-2.18207
-0.219753
-1.115
-1.98567
-1.40518
-1.06857
-0.835139
-1.05034
-2.05022
-2.3744
-0.380984
-0.12784
-0.933548
-2.28842
-0.00937469
-2.146
-2.2981
-1.43009
1.612
0.137106
-2.22821
-0.981578
-0.672152
-0.398554
-2.4375
-0.953843
-0.724639
1.3911
-1.59962
-2.40006
-0.994759
0.547186
-2.02718
-0.606967
-0.313191
-0.412741
-0.767381
-1.77019
-1.73252
-1.46909
-1.19856
-1.69762
-0.0756216
-1.26481
-0.819143
-2.18913
-0.554555
-1.99563
-1.99041
-1.33605
2.10061
-1.79041
0.348492
0.422508
-2.26889
-1.54245
-0.218841
1.43
-2.09323
-0.69117
-0.956902
-1.17059
-2.0236
-1.59858
-2.70044
2.42557
-2.60319
-1.37898
1.90076
-1.09414
-0.786221
-1.87941
-0.745008
-1.72605
-0.810407
-1.43887
0.784557
-2.02234
-1.41486
-2.77598
0.0023853
-0.248646
-0.442637
-1.5521
0.0348837
-1.8111
-2.00953
-2.30155
-0.937602
0.131039
-1.67823
-0.374057
-0.920493
-1.22626
-1.99088
-2.30849
-2.1657
2.19058
-1.98555
-1.87214
-0.520492
-1.58832
-1.52038
-2.41549
-0.645279
-1.6546
-0.542473
-1.67159
1.88032
-2.21808
-1.81994
-1.84293
-0.903752
-0.107968
-1.2284
