1.37069
-1.74198
-1.05861
-1.17849
0.944347
0.587954
2.39494
2.51238
1.52651
-2.26084
-1.73294
-1.24566
-0.100405
-1.49566
0.309002
-0.105568
1.03512
2.20329
0.481575
2.99738
1.50199
0.110124
0.486862
1.32678
0.0774918
-1.59744
-1.85049
-1.73628
-0.869617
-1.91518
-0.316121
-0.179199
0.530272
-1.96217
-1.31072
-2.24339
-0.404756
-1.88354
-1.32455
-1.31341
0.764411
-1.62425
-1.97916
-1.67607
-1.24527
-2.36907
-0.667074
-0.192293
-1.69648
1.43418
-1.79017
-0.434462
-1.43666
-1.39844
-2.02448
3.12736
-0.58976
-0.588682
-1.65085
-0.526152
-1.6892
-1.69186
-1.68609
1.50116
2.21025
2.15134
2.48262
0.468626
1.44967
0.621264
2.40955
0.0773231
-0.766057
0.471268
-1.75617
-1.72923
-1.46088
-1.37453
0.181886
-1.43252
1.53051
1.07611
0.347001
0.557245
1.06641
0.0984061
-0.575092
-0.779565
-1.41581
-0.205198
-2.44984
-2.95991
-2.1529
-0.813329
-0.343766
-0.993187
-1.37274
-1.44577
-0.800568
-2.72619
-1.59699
-1.91097
0.0282686
-1.82123
0.013959
-0.304947
-0.323588
-1.95546
-1.28368
-2.16958
0.693673
-1.48527
-2.25425
0.971415
-1.6372
-1.2233
-2.11588
-0.988479
0.115083
0.855761
-1.09711
1.40151
-1.74353
-1.39541
-1.95468
-0.296472
-2.92144
-0.760724
-0.418577
-1.58336
-2.01448
-2.0952
-0.299482
-1.46908
-1.24995
-1.09014
0.931856
-1.88169
-1.11323
-0.69986
-0.355552
-2.25272
0.326893
-0.632893
-0.783896
-1.8562
-1.21237
-2.10669
-1.65052
-1.59555
-1.85015
1.53917
-0.593212
-0.234016
-2.21075
0.0154109
-1.27713
-2.24515
-1.16357
1.35537
0.656308
-2.32127
-1.30327
-2.21948
-0.947765
-2.13471
-0.765119
-0.949411
0.619665
-0.64114
-1.60811
-1.16762
-1.13677
-1.87483
-0.57881
-1.04671
-0.935679
-1.90044
-1.87023
-1.26172
-1.55757
-1.60504
-1.64673
1.6016
-0.93677
-1.29911
-2.05856
0.047244
-1.88697
-1.47391
-2.18116
1.49749
-2.08472
0.855188
0.155499
-2.12394
-1.51765
-0.925175
0.377601
-1.41341
0.200458
-0.695088
-0.137061
-2.29805
-1.70808
-1.38408
-0.380001
-2.6177
-1.2291
0.801023
-0.773911
-1.12679
-2.14676
-0.54956
-1.17849
-0.666489
-1.53688
-0.0267622
-1.17639
-1.2013
-1.9784
-0.520088
-0.281181
0.293507
-0.904224
-0.292488
0.230046
-1.72595
-1.26217
-1.09392
1.58837
-2.24369
-1.10825
-0.286416
-0.593957
-1.7766
-1.91465
-2.65457
2.59257
-2.25211
-1.42867
0.798631
-2.42397
-2.66125
-2.21308
-0.207055
-0.934754
-0.56501
-1.67533
1.88468
-1.30596
-1.54278
-2.12136
-2.18009
-0.565105
-1.24897
