1.89988
-0.928578
-2.06627
-0.257187
1.13208
0.134358
2.67945
2.25712
1.50445
-2.45277
-0.869502
-2.18531
-1.46531
-1.9008
0.0734365
0.439508
0.822766
2.68972
1.06695
3.11589
1.22333
0.0188914
1.04374
0.625717
-0.976117
-1.78417
-1.50696
-1.37232
-1.81056
-0.920474
-1.00196
1.53179
0.293536
-1.5501
-1.18107
-1.92379
-1.10862
-1.6886
0.274034
-0.150862
1.14555
-1.12169
-1.12082
-1.68638
-0.334376
-2.20738
-0.804619
-0.883587
-0.881333
0.314953
-2.10273
-0.842639
-1.09707
-0.918626
-0.252106
0.840497
-0.992831
0.139653
-2.12846
-1.15771
-1.60696
-1.90086
-2.46252
0.615167
1.3914
2.60991
2.91253
0.337302
1.7374
0.465309
1.80042
-0.39555
-1.93723
-1.92592
-1.8283
-2.70192
-2.37034
-1.65208
-1.3985
-0.829101
1.46056
1.68252
0.740228
0.0635125
0.933958
-0.29852
0.209577
0.293732
-0.850847
-0.597394
-1.70147
-2.21268
-2.56354
-0.0872795
-0.377095
0.650514
-0.43125
-0.552455
-0.192301
-1.40563
-0.901262
-1.61818
-0.548675
-1.54861
0.000384559
-1.52758
-0.0929066
-2.72351
-0.949917
-1.31422
0.867276
-0.751479
-1.30803
0.60848
-1.19662
-1.45876
-2.2999
-0.362984
0.656967
0.610711
-1.33895
1.04922
-1.62186
-1.05518
-1.92586
-0.776687
-0.413546
-0.00199263
-0.858213
-2.04943
-1.87605
-2.27666
-0.900412
-1.78551
-0.859867
-1.76647
0.92731
-1.50496
-2.10975
-0.953781
-1.28878
-2.36559
-0.932799
-0.935275
-0.359932
-1.02125
-1.563
-0.437381
-1.00173
-1.67277
-3.35406
1.87576
0.520225
-1.14137
-2.39052
-1.23845
-1.66084
-1.3362
-1.401
2.01631
1.32589
-1.33317
-1.00029
-1.2693
-1.38906
-2.07314
-0.385765
-0.627603
1.34824
-0.955404
-1.81583
-1.56605
-0.132642
-2.23618
-1.01087
-0.292362
-0.231781
-1.60099
-2.39515
-1.78406
-1.33719
-1.15698
-1.83444
0.244329
-0.665774
-0.522204
-2.48093
-0.346331
-2.0538
-2.64773
-2.20961
1.64504
-0.952661
1.56189
2.12923
-2.81434
-0.5469
-0.855892
0.477739
-2.84428
-0.987759
-1.22812
-1.09697
-2.98783
-2.18923
-2.93082
1.84418
-2.84017
-1.72597
0.266551
-2.59229
-2.15435
-1.97912
-0.17302
-0.465658
-1.19939
-0.889131
2.28381
-0.972389
-2.77699
-1.98527
0.672983
0.710937
-1.47959
0.664495
-0.387177
-1.66636
-2.42912
-1.13799
-1.10266
-0.754007
-1.65701
-0.873273
0.0408349
-1.1031
-2.39054
-2.00014
-1.57107
1.76907
-1.31956
-1.71872
-1.08025
-2.64006
-2.30966
-1.80715
-0.188412
-0.309259
-0.988514
-1.33581
0.827419
-1.82468
-2.22348
-2.49604
-0.570098
-1.09127
-1.47503
