0.551369
-0.36859
0.341687
0.289543
1.08736
0.693761
2.65556
2.64423
-0.0154379
-0.422349
-0.645398
-2.30398
-2.17043
-2.91684
-1.17626
1.43444
0.402722
1.91909
0.363812
2.63213
1.47316
0.134478
-0.275693
1.59736
-1.64259
-0.936464
-2.33099
-1.58382
-1.58744
-2.00799
-0.661898
1.20182
-0.482498
-2.09881
-2.13647
-1.95755
-1.10257
-1.6367
-0.177289
-1.82849
-0.982248
-1.28781
-0.997067
-1.12814
-0.0646049
-1.82301
-0.821113
-0.558213
-1.66748
-0.163801
-2.66405
0.439547
-1.67419
-1.10537
-1.11601
2.7925
-0.811654
-0.52411
-1.21946
-0.265404
-2.22603
-2.11654
-2.2196
-0.754477
0.780164
3.3848
3.14299
1.06226
1.5351
0.251515
0.788925
0.231253
0.756988
-0.376428
-0.811923
-1.87288
-0.935681
-1.61316
0.062079
-1.65606
1.38856
1.36296
0.628419
0.629545
0.725395
-0.148139
-0.467738
0.950366
-1.04409
0.38825
-1.99813
-1.6229
-2.2658
-0.201661
-0.578432
-1.89996
-1.22469
-0.796331
-1.71842
-1.8785
-1.54163
-1.95094
0.529988
-1.68079
-0.28678
-1.15786
-1.31866
-1.71725
-1.16515
-2.19631
1.02865
-1.7799
-1.76893
1.80445
-1.52231
-0.73001
-2.11001
0.0820486
0.211837
-1.09283
-1.75849
-0.592164
-1.54328
-1.1817
-2.09224
-1.39089
-0.815267
-1.32476
-0.211549
-0.937103
-1.49186
-0.726318
-2.26051
-1.83644
-1.04868
-1.38198
0.185816
-1.79672
-1.77796
-1.28923
-0.488238
-1.87151
-0.159363
-0.82412
-0.869938
-1.58007
-1.73419
-0.619664
-1.73698
-2.14436
-2.54694
0.278316
-0.202301
-1.27723
-1.68783
-0.542103
-1.14428
-1.20485
-1.74354
1.0773
-0.353872
-1.72242
-0.455214
-1.79005
-0.684942
-2.06863
-1.37115
-0.565459
1.59425
-1.88025
-1.27347
-0.112376
-0.728728
-1.79203
0.566871
-1.02805
-0.879284
-0.177592
-1.1523
-1.73113
-1.41513
-0.783741
-2.1187
1.70498
-0.840716
-0.723885
-2.22781
0.235353
-2.16003
-1.91354
-2.01258
1.75667
-2.14987
0.900379
-0.347313
-1.73902
-1.39298
-0.887878
1.25721
-1.84718
0.931393
0.489853
-0.855431
-2.39013
-1.91455
-2.28626
0.889631
-2.66337
-1.58719
1.79078
-1.41399
-1.63304
-2.09752
-2.48869
-2.76799
-1.63061
-1.5655
1.72131
-1.32257
-1.96407
-1.93038
-0.63215
-1.04752
-0.331469
-1.22003
-0.434934
-1.26708
-2.38107
-2.03578
-1.77685
1.08801
-2.44517
-0.739751
-0.468241
-1.50721
-2.2936
-0.733791
-2.3317
1.52936
-1.68894
-1.7358
0.16957
-2.65839
-2.11168
-2.30531
-0.431538
-0.606488
-0.572342
-1.83596
2.48278
-1.57447
-1.72471
-2.32371
-0.498426
-1.50251
-1.52193
