2.07135
-1.58499
-0.971853
0.0398168
0.477826
0.0548264
2.44033
2.30962
1.45732
-2.05896
-2.01805
-2.23122
-0.0814001
-2.18783
-0.0912393
-0.360778
1.09419
2.58604
0.0424805
2.75665
1.35908
-0.369472
1.13671
0.610463
-1.04906
-0.864103
-2.00784
-1.2634
-1.71336
-1.83768
-1.56264
1.9841
0.00308366
-2.1019
-0.899676
-0.984355
-0.164644
-2.32391
-0.971609
-0.546031
1.03529
-1.2179
-0.619004
-2.04128
-2.09728
-2.40068
-0.571557
-0.770682
0.603313
-0.374675
-1.39341
-0.741824
-1.25523
-0.23907
-1.0211
2.0897
-0.0491376
-1.09816
-2.04362
-0.237598
-1.67535
-2.71614
-2.38334
0.743129
0.82829
3.01121
2.92097
0.66365
1.52595
-0.0591045
1.8809
0.142476
-1.46761
0.495073
-1.00761
-1.79945
-0.982947
-1.58653
-0.632897
-2.01237
1.20991
2.78292
0.335209
-0.00708888
0.925287
-0.0676714
0.371822
-0.143676
-1.11965
-0.388735
-1.65737
-1.60543
-2.20441
-2.16823
-0.552185
-1.21619
-1.43973
-1.83797
-0.140738
-1.38455
-0.555898
-1.86834
0.878103
-2.61891
0.0249624
-0.808949
-0.225176
-2.48646
-1.49479
-1.38877
2.90445
-1.41917
-1.71454
0.949888
-0.65772
-1.76237
-2.50547
-1.65471
-1.3537
-0.305425
-1.5792
0.0788177
-2.60518
-1.49365
-1.99382
-1.03005
0.305385
-0.836965
-1.9328
-2.07961
-1.22213
-2.3813
0.73994
-1.99142
-1.77206
-2.03723
-0.556054
-1.6216
-1.2899
-0.606222
-0.92823
-1.98738
-1.15245
0.120341
-1.86711
-0.0621141
-2.05016
-0.348442
-1.18944
-1.53093
-2.08003
1.1948
-0.162691
-1.02471
-2.36415
0.181301
-1.34092
-1.65453
-1.31746
0.38261
-0.751895
-1.03371
-1.58046
-1.37213
-0.938619
-2.35013
-0.354863
-1.57588
1.9403
-1.81857
-0.981165
-1.65598
-0.381478
-1.68187
-0.322591
-0.537533
-1.35137
-0.338183
-2.22981
-0.78475
-1.64712
-1.6011
-1.66203
1.88474
-0.404695
-0.852551
-2.27021
-1.05238
-1.87063
-1.55921
-1.64659
3.33642
-0.728293
0.49425
-0.502637
-2.60229
-1.75215
-1.40771
0.134789
-1.91748
0.208414
-0.229794
-0.674855
-1.98564
-1.05031
-2.6669
-0.0885309
-1.94108
-1.20461
-0.456346
-1.10328
-1.30187
-2.16173
0.117205
-0.410401
-0.964668
-1.49945
2.25197
-1.57209
-1.95227
-2.28967
-0.696612
-0.506174
-1.35645
-0.0801852
-0.177062
-0.497048
-2.17252
-1.89362
-0.386243
1.95805
-0.716808
-1.09135
-0.528865
-0.94325
-1.69333
-1.73417
-1.65637
1.96634
-1.33823
-1.76519
1.09909
-2.53856
-2.16751
-2.11924
0.171807
0.18172
-0.577375
-1.60246
1.77109
-2.31658
-1.83645
-1.9765
-1.56539
-1.15576
0.22962
