2.98229
-2.12368
-2.10854
-0.57918
1.30107
0.415689
2.60418
2.71634
-1.53361
-2.20454
-1.44356
-2.06243
-1.84996
-2.12871
1.91395
-0.734255
1.70779
2.8532
0.227569
2.84696
1.01438
0.139826
0.701035
1.51761
-1.57769
-2.29005
-1.25952
0.0246194
-2.2037
-2.02735
-1.50209
-0.545169
0.671301
-2.09132
-2.14869
-0.666567
-0.475888
-1.58025
-1.24217
-2.43997
-0.359488
-0.701773
-1.17044
-2.11229
-0.740883
-1.97687
-1.21987
-1.13102
0.909903
0.0804685
-2.32349
0.496296
-1.27172
-1.5021
-1.1114
0.90516
-0.43222
-0.865037
-2.27876
-1.2264
-1.59741
-1.43993
-1.77962
-1.14667
-0.264316
2.61924
2.94171
0.444078
1.27647
-0.203627
1.00309
0.461129
-0.503554
-0.0365732
-0.00490954
-1.92413
-1.5434
-2.20844
0.914583
-0.477717
1.52726
0.464908
0.35428
0.171466
0.746056
0.296116
0.345228
0.137521
-1.02796
-0.970883
-1.04094
-2.39186
-2.59032
-1.6386
-1.09942
-0.955887
-1.38556
-1.72693
-2.53922
-2.21869
-1.98603
-1.97824
2.2052
-2.14736
-0.914267
-1.39234
-0.337924
-2.20541
-1.62884
-1.32868
-0.178353
-1.31777
-0.849749
-0.135291
-1.90411
-1.79913
-1.72988
-2.62093
-0.354902
0.14163
-1.10854
1.31654
-2.08377
-1.13757
-1.82758
-0.445599
-0.488926
-1.08417
-1.44327
-1.92858
-2.0421
-2.18637
-0.969617
-2.0839
-1.66676
-1.09976
0.915147
-0.92002
-1.45681
-1.50023
-0.934382
-2.57732
-1.77505
-0.285577
-2.14006
-1.88437
-1.57833
-1.64815
-1.88159
-3.03108
-1.57776
1.37464
0.151856
-0.75566
-2.5632
-0.826853
-1.32325
-2.26118
-1.20798
-0.749776
0.537604
-2.61256
-1.4682
-0.968142
-0.678906
-1.55724
-0.636757
-0.911985
1.2001
-1.8622
-1.17533
-1.79428
0.0549843
-2.26013
-0.754055
-0.979003
-0.0492482
-0.623389
-2.66569
-1.57005
-1.46942
-1.43049
-1.49605
1.83245
0.263437
0.142127
-2.35273
-0.648984
-1.93646
-1.20832
-1.79245
1.75774
-1.46579
0.33138
-0.439941
-2.66202
-1.61011
-1.59775
1.4628
-1.61041
-1.58983
-1.23692
0.857802
-2.29102
-3.01666
-1.73109
1.03579
-2.35157
-1.90636
0.523759
-1.31441
-1.21085
-1.04893
-0.963381
-1.77218
-0.489286
-1.39854
1.49684
-0.880523
-2.14272
-2.08277
-0.658411
0.0607375
-0.961183
-1.2466
-2.01496
-1.37519
-1.71225
-1.49054
-1.24817
-0.335224
-2.35866
-0.365769
-0.294353
-1.41935
-2.38078
-1.35017
-0.972623
2.66563
-1.5988
-2.42323
0.240426
-2.85277
-2.3153
-2.24999
-1.54735
-1.17865
-0.203611
-1.86051
1.78543
-1.78118
-2.17401
-1.95362
0.0325282
-0.899432
-0.196393
