-0.808986
0.738611
-1.50614
-0.716838
0.500957
0.635614
2.87835
2.86926
-1.20568
-1.9768
-1.09255
-1.45159
-0.535035
-2.54122
1.65844
0.597408
2.23676
1.31891
3.21608
0.27608
0.139423
1.54488
0.840508
0.0926277
-1.61254
-0.272598
-1.89169
-1.65207
-2.54441
-1.7158
-1.03713
0.984028
-0.946099
-1.94048
-0.939961
-1.91548
-1.14923
-1.43947
-1.17647
-1.48509
0.017218
-1.77781
-1.23965
-2.46373
-1.36441
-1.97006
0.0422179
-1.389
-1.32494
-0.172431
-1.82556
-0.386359
-1.57846
-1.40372
-2.34581
0.771325
-0.818586
-1.04913
-1.45378
-1.48284
-0.44882
-1.80369
-1.45875
-1.30841
2.6635
0.934913
0.22826
2.53534
0.341656
1.65002
-0.0891329
0.864317
-0.845394
-1.99327
-0.700875
-1.64992
-0.115225
-1.95439
0.509129
-0.817539
0.954133
1.53626
0.181799
0.652665
0.0620527
0.61323
0.055291
-0.178987
-1.4364
0.0984685
-1.86785
-2.28529
-1.98077
-1.89668
-0.895295
-0.664261
-2.00842
-1.45356
-1.87817
-1.73259
-1.42038
-3.10793
0.170005
-2.07792
-0.592583
-0.83793
-0.758233
-2.44727
-0.975475
-2.21006
-0.108056
-0.915549
-2.06303
0.735721
-1.23579
-0.826501
-2.29822
-0.908276
-1.6281
-0.646584
-0.728365
2.12529
-1.50764
-1.16284
-2.06495
-0.849424
-1.27943
-1.12647
-1.12032
-1.38685
-1.59681
-2.68818
-1.8657
-1.42188
-1.69679
-0.0137549
-0.207401
-1.13236
-0.942404
-0.652497
0.406479
-1.92356
-0.241771
-1.56145
-1.18474
-1.88544
-1.89268
-1.88444
-1.76511
-1.41825
-1.32808
-0.985996
-0.651991
-0.893065
-2.43417
-0.747267
-1.50211
-1.59182
-1.3741
1.16063
-0.19095
-1.58731
-1.83473
-1.88288
-0.578892
-2.64835
-1.76293
-0.908803
1.43461
-1.04145
-1.64759
-2.4185
-0.240062
-1.19501
-1.40643
-1.35663
0.126694
-1.23488
-2.34758
-0.999366
-0.223932
-1.38627
-2.38239
1.37163
-0.196394
-0.484435
-1.95549
-1.31596
-1.83659
-1.75748
-1.74096
3.28283
-1.73771
-0.397909
-0.71458
-2.90071
-1.75269
-1.71308
-0.336465
-1.52177
-1.26911
-1.3861
0.334474
-1.73643
-1.21751
-2.17018
-0.34908
-1.11222
-1.99526
0.847992
-2.11241
-1.87722
-2.3793
-1.2291
-0.892049
-0.742616
-1.6003
-0.787304
-1.0685
-1.41542
-2.38665
-1.21836
-0.610269
-1.08768
-1.11645
0.514807
-1.496
-1.9849
-1.66763
-1.31821
1.30155
-2.15349
-0.590827
-0.692921
-0.833177
-2.32313
-2.27767
-2.2007
2.45411
-0.872074
-1.77177
2.95727
-2.65839
-2.24749
-2.31619
-0.4152
-1.51947
-1.39907
-1.8089
1.8156
-2.2657
-1.69162
-1.38613
-0.726576
-1.75651
-1.16606
