2.63301
-1.2007
-1.62552
-0.0651755
1.1296
0.565992
3.12677
2.72729
2.2052
-1.96631
-1.54258
-0.748255
-1.82689
-2.0861
0.575217
-0.0416424
1.99641
1.86414
1.07436
1.86409
1.59739
0.069188
-0.208147
1.18152
-1.2443
-1.31051
-2.29065
-1.75214
-1.94852
-1.12653
-1.79568
-0.111221
0.736257
-1.30365
-2.34959
-0.612637
-1.82317
-2.23572
-0.0555693
0.251954
1.40382
-1.42036
-1.55289
-1.39851
-1.29164
-1.74759
-1.85718
-1.53769
-1.21854
-0.585184
-2.9519
0.768264
-2.40589
-0.840314
-1.55526
1.45356
0.425709
-1.34742
-2.22494
0.0467019
-1.72534
-2.1823
-2.60861
0.556213
1.37567
2.52064
2.99302
0.216671
1.12189
0.379771
1.52241
0.256038
-0.431799
-0.385488
-1.47953
-1.93204
-1.96119
-1.36074
1.0572
-0.98796
1.54071
0.698474
-0.131031
-0.282095
0.829943
0.84011
0.810285
-0.327243
-0.886709
1.15154
-1.97289
-1.25608
-1.82703
-1.6392
-1.22442
-0.912818
-1.67348
-1.18249
-1.36815
-1.90656
-0.906717
-1.13201
-0.629066
-1.18637
0.0867163
-0.629617
-1.88239
-1.97479
-1.13235
-1.75601
0.4594
-0.988662
-1.29719
0.939639
-1.51364
0.126929
-2.39666
0.2388
-0.362555
-0.519345
-1.17746
-0.0151934
-1.94232
-1.72364
-1.99167
-0.57731
-0.0513899
-1.26013
-0.208086
-0.996232
-1.72241
-2.24435
0.179288
-1.46598
-1.84191
-2.77399
0.731274
-0.753196
-2.0668
-1.11335
-0.697458
-2.19973
0.711504
-1.33346
-0.891408
-1.50843
-1.64227
-1.22309
-1.11091
-1.55188
-1.78078
1.7768
-1.67631
-1.60115
-2.59227
-0.541
-1.66087
-1.85975
-1.59426
0.549205
0.491785
-0.801575
-1.02496
-1.51849
-0.298868
-1.67266
-1.68619
-0.683903
1.98373
-2.55517
-1.44874
-1.7518
-0.489842
-2.54159
-0.888201
0.502567
-0.640296
-0.679671
-1.82368
0.58902
-1.74543
-1.06829
-1.85163
1.08533
-0.884851
-1.50768
-2.08691
-0.574624
-1.8557
-1.87335
-1.63958
2.0473
-0.0222923
-1.53672
-0.38971
-1.3639
-1.82964
-1.30764
1.21402
-1.15594
-0.64721
0.586936
-0.305309
-2.15523
-2.10658
-2.54025
2.4656
-1.81058
-2.46058
0.500594
-1.90545
-2.02456
-1.61517
-0.246819
0.545328
-1.09028
-1.69638
2.55709
-0.879242
-2.63517
-2.52917
0.838101
-0.88203
0.298286
-0.852049
-1.13186
-0.443885
-1.89171
-0.584862
-2.01665
-0.669169
-1.97745
0.398159
-1.07445
-0.851903
-1.96709
-1.97881
-1.67582
2.90677
-1.43811
-1.34128
-1.59783
-2.42328
-2.15172
-1.76489
0.273343
-0.914508
0.716921
-1.88315
2.36814
-0.904151
-1.44029
-1.55476
-0.274357
-1.14256
-0.585306
