-1.21897
0.217662
-1.38784
-0.931194
0.532972
1.52628
3.2283
2.34925
-1.0598
-2.21931
-1.43362
-2.18576
-0.540218
-2.1398
0.0245028
0.403528
2.53662
1.28652
2.77425
0.789375
-0.0469568
1.37866
1.39085
0.196731
1.11928
-0.520456
-1.51185
-0.274071
-0.135316
-2.01349
-1.42553
0.850075
1.55054
-2.30649
-1.21007
-1.53706
-1.26625
-1.90923
-0.308112
-0.143768
3.03376
-1.06654
-1.35897
-1.89674
-1.16878
-1.3679
-0.418117
0.288656
-0.782794
0.25886
-2.0808
-0.970264
-1.90405
-1.00517
-2.66395
-0.288344
0.160514
-1.04164
-2.30991
-1.12354
-1.65331
-1.8259
-1.83764
-1.16775
2.877
-0.107561
0.835496
3.25273
0.634804
0.914645
-0.0871883
1.05388
-1.35855
-2.35776
-1.54209
-1.80572
-1.82001
-1.9527
0.37129
-0.900691
1.46516
1.45683
0.485968
0.659191
-0.483345
0.93411
1.00123
-0.375483
-1.76379
-0.627028
-1.16579
-2.2303
-1.95916
-1.35482
-2.28371
-0.284473
-1.37712
-1.86023
-0.137762
-1.86451
-1.6833
-2.79039
-0.533412
-2.3927
-0.55567
-1.04276
-2.0557
-1.94518
-0.807344
-2.05469
0.91449
-1.25914
-1.55203
1.72102
-0.980361
-1.45677
-2.02559
-0.890081
-0.748913
-1.90567
-1.50295
1.36011
-3.04387
-1.66339
-2.33829
0.284621
-0.611439
-0.254468
0.472913
-1.69218
-1.02454
-0.756315
-1.05374
-1.99728
-1.1459
-1.21222
-1.00345
-1.61755
-1.4179
-0.357194
-0.930777
-2.17647
-0.521221
-0.94824
-0.514973
-1.45879
-1.8413
-1.3616
-1.2929
-2.26734
-2.43812
-0.285467
-1.48372
-1.8061
-2.4735
-0.918098
-1.83179
-2.7349
-2.31996
0.370441
-0.742396
-1.08766
-1.57144
-1.32331
-0.911312
-1.31676
-1.48215
-0.675698
0.983852
-1.87191
-1.24786
-1.42501
-0.666061
-2.01226
-1.10246
-0.683241
0.310014
-0.50494
-1.41797
-1.72203
-1.59861
-1.15232
-1.19025
0.561444
-2.03801
-0.632558
-1.59515
-0.822222
-2.02983
-1.76137
-1.72433
2.42433
-1.79052
-0.10012
0.154637
-2.78414
-1.66852
-0.864373
2.38525
-1.35221
-0.622425
-1.79877
-1.71995
-1.94729
-1.74785
-2.96441
3.28317
-2.38429
-2.41811
1.44836
-0.0359599
-1.23292
-2.33932
0.376137
-0.876172
0.284609
-1.16627
2.16935
-1.21402
-1.12333
-2.19918
-0.118348
-0.695061
0.0739035
-0.755964
-1.43942
-0.708393
-2.02843
-1.12676
-0.834973
0.573309
-1.20733
-0.377773
-0.604571
0.270935
-2.15511
-1.81209
-1.95024
2.61484
-1.9842
-2.07206
0.341099
-1.82285
-2.44808
-2.05803
-0.934127
-0.643894
-1.1158
-1.39935
2.23465
-1.70604
-1.5104
-2.03292
-1.62854
-0.279787
-1.80609
