2.99411
0.208261
0.0210241
-1.32976
0.622495
0.628678
2.91493
2.53849
-0.785912
-2.02811
-1.67934
-1.7928
-2.44484
-2.13718
-1.96803
1.24031
0.081941
2.86006
0.406655
1.68147
1.52839
0.0483589
0.541501
1.22499
-2.00762
-2.05535
-1.56276
-1.49607
-2.00063
-0.96905
-2.04911
-0.587764
-0.445656
-2.13325
-0.778361
-2.13167
-2.15593
-2.15897
-1.15245
-0.830923
-1.50883
-0.493962
-1.27409
-1.99389
-1.97443
-1.62287
-0.255232
-0.747203
-1.28125
-0.3491
-2.54685
-0.110516
-1.11084
-0.428133
-2.06692
-0.748323
-0.208249
0.872558
-2.46761
-1.47159
-2.14669
-1.62995
-1.73896
2.8698
1.44304
3.00958
3.03147
0.197661
1.46015
0.58816
2.82014
-0.050869
-1.91971
-1.20419
-1.25111
-1.95189
-1.96346
-1.92713
0.394591
-1.11761
1.36911
2.65262
0.113976
-0.15856
0.929891
0.306423
-0.0327932
-0.156628
-1.19968
-0.141734
-2.01956
-1.51728
-1.89077
-1.05819
-1.19677
-1.11851
-0.600058
0.730474
-1.97906
-1.53178
-1.30624
-1.61682
1.2257
-1.75093
-0.214572
-0.219411
-0.00943261
-1.93883
-0.87209
-1.54364
0.714465
-1.69709
-1.57273
1.75873
-1.95942
-1.11639
-2.31379
-0.344865
-1.99241
-0.488074
-2.11508
-0.00605285
-2.38794
-1.43623
-2.17222
-0.385609
-1.58658
0.351243
-0.758736
-1.90555
-1.54744
-1.02891
-2.00953
-1.56611
-2.14668
-2.08425
-0.404431
-1.24337
-1.55877
-0.986753
-0.83952
-2.29734
-0.482426
0.472386
-1.22891
-2.2313
-1.21586
-1.70395
-0.791906
-1.27227
-1.66942
1.68701
0.635863
-0.328198
-1.82957
-0.933183
-0.507496
-2.14132
-0.891536
2.19257
0.438553
-2.15671
-0.874776
-2.09373
-0.635181
-1.7868
-0.617171
-0.969147
1.6975
-1.70783
-1.13418
-1.87776
0.773976
-1.81093
-0.937198
-0.686535
0.0840534
-0.790736
-1.62702
-1.2325
-1.31298
-1.74462
-2.92004
0.599835
0.199294
-1.30617
-2.24037
-1.00617
-0.995502
-1.40027
-2.29887
1.99833
-1.14565
0.579087
0.979026
-2.40771
-1.24323
-1.49021
0.856472
-2.03744
-1.29842
-1.24807
0.0235865
-2.28753
-1.71393
-2.48451
-0.237534
-1.18959
-2.21062
1.2006
-1.72765
-1.83058
-1.88651
-0.2451
-1.54213
-1.36372
-0.742673
0.334545
-1.12339
-2.84007
-2.25996
-1.16732
-0.565079
-0.704973
-0.237517
-0.743528
-1.5547
-1.89959
-1.20821
-1.16173
0.972069
-1.97122
-0.720959
-1.67347
0.183831
-2.52973
-1.9821
-2.34144
2.10769
-2.73269
-1.47331
-0.242752
-1.56068
-2.98417
-2.31499
-0.536766
-0.45373
-0.236421
-1.95885
1.88341
-3.39278
-2.52234
-2.16072
-0.526555
-1.13207
-0.56359
