1.10089
-0.629595
-0.172499
-1.80558
0.932628
0.646606
3.01734
2.86618
-0.908184
-2.02391
-1.2474
-2.42003
-1.32417
-2.69715
-0.491772
-0.691992
1.0905
2.40609
0.443542
3.1979
1.14439
0.249376
0.276363
1.97449
-1.87658
-1.53663
-1.56428
-0.997865
-1.89693
-1.94016
-1.01265
0.533272
-0.412094
-2.30744
-0.814698
-1.87275
-1.16493
-1.94557
-1.30564
-0.574311
0.102764
-1.36538
-1.18924
-1.76064
-0.66519
-1.51497
-1.29423
-0.917038
-0.572289
-0.665477
-2.78444
-0.232527
-0.442976
-0.629378
-1.47551
0.315711
-1.08475
-1.01536
-2.176
-0.658225
-1.19386
-2.23086
-1.84962
3.546
0.57769
3.00546
2.20778
0.685818
1.4763
-0.114377
2.59498
0.663116
-1.87536
-0.685528
-0.53049
-1.75377
-1.54704
-1.38747
-0.131094
-1.27931
1.53241
0.318189
0.831341
-0.0488932
0.686213
0.430803
0.682057
-0.0726483
-1.93507
-0.305815
-1.74885
-2.0253
-1.59443
-1.03561
0.562823
0.141488
-1.04067
-0.575448
-1.18282
-1.64131
-2.54897
-1.6251
-0.724869
-2.19576
-0.512572
0.0673719
-0.42864
-2.0903
-1.56185
-2.14921
1.00505
-1.50431
-1.15067
0.482122
-1.21752
-1.26837
-1.62119
0.411811
-0.906209
-1.14338
-1.45003
-0.0590227
-2.24275
-2.09639
-2.00744
-1.12711
-0.658682
-0.0168597
1.1113
-0.740497
-1.8094
-2.37325
-2.11458
-1.6331
-0.93319
-1.3739
0.891583
-1.31692
-1.56829
-1.17168
-0.875014
-2.12764
-0.697207
-1.06197
-0.829121
-0.878357
-1.95101
-1.43486
-1.79235
-1.64058
-1.3731
1.14519
-0.485345
0.240763
-2.22315
-1.02353
-1.30321
-0.929307
-0.541586
0.6201
1.04855
-2.0274
-1.60381
-0.784483
-0.490115
-2.51452
-0.207977
-1.00316
0.935758
-1.96016
-1.38043
-2.25049
-0.981323
-1.77638
-0.469449
0.377145
-1.05225
-0.00122952
-2.23075
-0.892644
-1.43575
-1.19013
-1.20673
0.89664
-0.466806
-0.857391
-2.335
-0.998569
-1.90268
-1.94563
-2.10525
2.62229
-1.6172
1.39861
-0.408994
-2.12943
-1.80766
-1.38983
0.318812
-1.69385
-0.616696
0.822621
-0.600217
-2.34839
-0.908449
-2.40654
2.30076
-2.70034
-1.96055
-0.660565
-1.5615
-2.53294
-1.92907
-1.51872
-1.78523
-1.54999
-0.550922
1.7069
-1.53098
-1.68636
-2.28114
-0.147939
-0.589984
-0.622838
-0.270369
0.137389
-1.3312
-2.2349
-0.795565
-1.69826
1.06942
-1.77429
-1.0117
-0.523995
-1.24385
-2.04121
-1.56057
-1.45855
2.21349
-1.54037
-1.82471
-1.50123
-2.12656
-1.33382
-2.4024
-0.0107936
-0.135206
-0.0846445
-1.64216
2.95925
-1.70982
-1.03799
-2.01372
-1.53247
-1.85096
-1.09582
