-0.741081
2.94762
-1.00183
-0.470416
-0.10016
1.14687
1.59937
3.33523
0.778682
-2.76846
-1.75045
-1.76155
-0.148166
-2.84828
-0.59914
1.29803
0.929699
1.59784
2.41216
-0.279586
-0.163046
1.38437
1.19854
0.467572
-1.2994
-0.892438
-1.69699
-1.13865
-2.26976
-2.0305
-1.44179
-0.388438
-1.75038
-1.64339
-2.52637
-1.48723
-2.34622
-2.05369
-1.71987
-1.3973
0.764163
-1.62207
-2.05936
-2.19595
-0.643135
-2.17752
-1.14479
-1.72304
-2.1543
-0.0770516
-2.03085
-0.505434
-1.64925
-1.80596
-1.47685
0.0275236
-0.157397
-0.973172
-1.79164
-0.503368
-2.19785
-3.06267
-1.37491
0.320431
2.78865
0.787076
0.199802
1.92585
0.267934
1.12508
-0.315072
2.07835
-0.266398
-1.51225
-1.21533
-2.32824
-0.426656
-1.88279
1.35125
-1.35604
1.0613
1.34585
-0.230566
-0.0249632
-0.534003
0.866906
-0.263316
-0.508454
-1.60648
-0.516437
-2.35425
-2.11614
-2.16651
-1.11146
-1.45624
-1.71884
-0.683407
0.186743
-1.94166
-1.77336
-2.21727
-2.56029
1.20566
-2.61877
-0.416523
-1.79581
-0.902834
-2.32391
-1.29382
-1.85242
1.10226
-1.13209
-1.94773
0.374103
-1.76938
-1.51368
-2.55432
-2.04712
-0.711292
-1.32257
-1.12914
0.657558
-2.14458
-1.48569
-2.16424
-0.909886
-0.0673744
0.206724
-0.648274
-1.15444
-2.19121
-2.84408
-1.41225
-1.30432
-0.84585
-2.22603
0.720086
-1.13425
-2.42037
-0.316513
-0.645517
-2.21507
-0.795503
-0.923105
-1.56662
0.228341
-1.05734
-1.24861
-0.96427
-1.32684
-1.87874
-0.716736
-0.0678057
-0.0708072
-2.07434
-0.908864
-1.69684
-2.27515
-0.94662
0.415376
0.254447
-2.19319
-1.80496
-1.3972
-0.246734
-2.69256
-1.29657
-0.897809
0.823248
-1.0644
-1.77336
-1.47336
-0.89899
-2.7356
-0.451534
-0.857113
0.00128668
-0.703875
-2.42172
-0.809993
-1.35
-1.03374
-1.85275
0.78777
-0.974377
-0.329635
-2.50811
-0.708472
-1.72516
-1.27071
-1.89675
2.46783
-1.32171
-0.168059
-0.205371
-2.20709
-0.902976
-0.353302
1.20906
-1.06071
-0.921683
-1.47518
-1.04487
-2.25352
-2.10042
-2.1542
-0.0232359
-1.49397
-2.08533
0.106959
-1.83204
-1.87452
-2.12041
-0.802099
-1.40002
-0.807845
-1.38022
0.570831
-1.34966
-2.55203
-2.43203
-2.33311
-1.8045
-1.36278
-1.02458
-0.61833
-1.39102
-2.01612
-1.63248
-1.03312
0.562235
-0.999491
-0.706502
-0.792968
-0.101944
-2.37288
-1.68844
-1.82962
1.7439
-1.9819
-2.10167
1.00347
-1.93405
-1.15618
-2.05249
-0.411522
-0.839379
-0.841598
-1.32768
2.21269
-1.58087
-1.37486
-2.50466
-0.646885
-0.564356
-0.28873
