-0.350545
0.446042
-0.694985
-0.898453
0.851406
0.943801
2.01185
2.65084
-1.3316
-2.0147
-1.25628
-1.99921
-0.391526
-3.03199
0.0854725
0.601447
2.43238
1.28188
2.08092
0.899046
0.662911
1.42717
1.47005
0.140625
-0.840951
-1.53422
-1.19406
-1.0069
-2.10883
-1.63237
-2.073
0.921363
0.0276514
-1.24593
-0.747512
-1.256
-0.619621
-1.02052
-0.600016
0.454513
0.27024
-0.98965
-0.559486
-1.9582
-0.996448
-2.08285
-0.466772
-1.07889
-0.950938
-0.148346
-1.58795
0.11045
-2.11265
-1.22723
-1.40911
0.0184269
-1.13507
-0.175128
-2.06251
-0.0764304
-1.92995
-2.16572
-2.11617
0.691796
3.19833
1.4524
0.514701
2.72945
0.313505
1.72164
0.266694
2.08543
-0.539765
-0.207147
-0.748257
-1.66476
-1.27628
-1.73346
1.92146
-0.314764
1.21975
1.10806
0.394775
0.479438
-0.0728236
0.735089
0.00466172
1.62085
-1.10004
0.370751
-0.625265
-1.34641
-2.4743
-2.59771
-1.14846
-0.702712
-1.6462
-0.674372
-0.598969
-1.45598
-1.26051
-1.7706
-0.342772
-2.44095
0.532366
0.422631
-1.93933
-2.04657
-1.38043
-1.46257
0.63438
-0.845039
-1.68852
0.0571615
-2.28591
-1.86205
-1.28704
-0.822731
-1.2328
-1.09571
-1.14116
1.40873
-2.20872
-1.09505
-2.29948
-0.254871
-0.548101
-0.443673
-1.18607
-1.34884
-1.3853
-1.23718
-1.65655
-2.29875
-1.10606
-0.722633
1.21407
-1.42391
-0.707221
-1.06176
0.194341
-2.49681
-1.51291
-1.61961
-1.21101
0.013136
-1.83332
-0.410081
-1.12885
-1.86031
-1.35104
1.82063
-0.372956
-2.78476
-1.46826
-0.170887
-1.62157
-2.46599
-1.69084
0.380024
-2.47254
-0.973477
-0.908956
-1.0788
-0.573804
-2.69648
-0.0778653
-1.9042
2.1696
-1.9575
-1.89159
-2.14719
0.48282
-2.31607
-0.587754
-1.4974
0.401814
-0.789899
-2.21118
-0.491097
-1.61038
-1.94338
-2.32213
0.956512
-0.302052
-0.701995
-2.28988
0.0892311
-1.65499
-1.28621
-2.2203
2.08534
-1.2734
-0.0932373
-0.333679
-1.84118
-2.08812
-1.73939
1.11314
-1.54857
-1.22369
-1.51788
-1.43035
-2.07428
-2.20695
-3.13169
1.79425
-2.04262
-1.83153
1.1759
-1.24612
-1.40661
-1.52452
-0.176494
-1.37473
-0.885799
-1.20633
1.45933
-1.05761
-1.96375
-2.10944
-1.82114
-0.714673
-1.17972
-1.4116
-0.568411
-0.342404
-1.64708
-1.46572
-1.3519
-0.396184
-2.07835
0.262662
-0.354706
-0.872698
-2.52789
-2.02177
-1.69089
3.01486
-1.97089
-1.85619
0.295414
-1.89517
-2.21007
-2.27162
-0.949684
0.0519448
-0.706108
-1.33626
2.40474
-1.84979
-2.4163
-1.78128
-1.4179
-0.518216
-0.758086
