-1.07016
2.67246
0.103146
-0.311232
0.356783
1.02136
2.64102
2.97405
0.275619
-2.89861
-1.97745
-1.93366
-1.44698
-1.77033
-0.699414
0.19978
2.93538
1.47216
2.7394
0.605192
0.602097
1.19306
1.57893
0.283123
-1.54109
-1.42598
-2.00341
-0.594382
-1.93113
-1.52659
-1.23692
0.781329
0.517635
-1.82062
-1.55045
-1.61939
-1.78023
-1.18723
-0.550272
-0.260279
-0.907289
-1.9713
-1.29199
-1.88273
-1.31058
-2.17422
-0.715033
-0.982365
-3.76339
-0.685764
-1.49726
-1.08028
-1.7381
-1.48615
-1.62795
1.83353
-1.59049
-1.44941
-1.37969
-0.671841
-2.40946
-2.74704
-2.28278
-0.69101
3.30782
0.668802
0.59958
2.7553
-0.0102923
1.53179
0.348359
1.50115
-1.5337
-1.32714
-1.8166
-1.7885
-1.06892
-1.59264
0.727034
-1.10544
1.74195
1.39923
0.0987841
0.562921
0.386481
1.01742
0.144519
0.445413
-1.24046
-0.909798
-2.00219
-1.78786
-2.30385
-1.31984
-1.51909
-1.6353
-1.4955
-1.08078
-1.49077
-2.27558
-1.66307
-1.47857
1.99078
-1.68423
-0.715676
-1.8004
-1.4169
-1.98233
-1.8284
-2.22385
-0.582071
-1.37991
-2.01496
-0.629305
-1.17221
-1.40701
-2.46617
-1.57127
0.283987
-1.20594
-2.57817
1.23608
-0.632069
-0.923504
-2.04985
-0.779276
-0.314443
-0.453829
-0.449469
-1.53439
-1.34064
-0.948569
-0.560781
-1.6058
-0.0934975
-0.611852
1.95407
-0.661272
-2.06281
-0.746613
0.0205098
-1.48679
-0.503333
-1.16089
-1.67471
-0.847336
-1.8602
-1.00616
-1.50703
-1.8256
-2.11196
-0.50479
0.0419884
-0.35165
-2.25456
-0.489056
-0.99924
-2.28174
-1.25032
0.542168
0.350196
-2.01285
-0.986041
-1.84133
-0.155228
-1.95688
-0.851237
-1.52493
1.78463
-1.81209
-1.95388
-2.30529
-0.167167
-2.38779
-0.174825
-0.240728
-1.05456
-0.145368
-2.18429
0.496065
-1.47987
-0.936109
-1.81983
0.698547
-0.318707
1.04248
-1.97816
-0.448833
-1.57958
-2.31909
-1.69632
3.04451
-1.87358
0.0415921
-0.431892
-3.0804
-1.0878
-1.99171
-0.366076
-1.19653
-0.214194
-0.273895
-0.936325
-2.57044
-1.60816
-2.01515
0.800077
-2.4935
-1.51504
-0.0711334
-1.81081
-1.03502
-1.92637
-0.682134
-1.15207
-1.71611
-1.30639
0.811993
-1.31653
-1.73959
-2.15374
0.144077
0.390251
-0.736943
0.1683
-0.802824
-0.764326
-1.83001
-1.80753
-1.30475
0.235685
-2.5638
-0.722538
-0.301063
-1.359
-2.35247
-1.75405
-2.11929
1.8564
-1.27621
-1.96093
1.09247
-2.4566
-1.21132
-1.8864
-0.709373
-0.757402
-1.20959
-0.472429
3.06235
-2.00542
-1.23225
-2.07671
-1.19448
-0.196313
-1.84124
